,Formation,Well Name,Depth,GR,ILD_log10,DeltaPHI,PHIND,PE,NM_M,RELPOS,Facies
0,A1 SH,STUART,2808.0,66.27600000000001,0.63,3.3,10.65,3.591,1,1.0,2
1,A1 SH,STUART,2808.5,77.252,0.585,6.5,11.95,3.341,1,0.978,3
2,A1 SH,STUART,2809.0,82.899,0.5660000000000001,9.4,13.6,3.0639999999999996,1,0.956,3
3,A1 SH,STUART,2809.5,80.671,0.593,9.5,13.25,2.977,1,0.9329999999999999,3
4,A1 SH,STUART,2810.0,75.971,0.638,8.7,12.35,3.02,1,0.9109999999999999,3
5,A1 SH,STUART,2810.5,73.955,0.667,6.9,12.25,3.0860000000000003,1,0.889,3
6,A1 SH,STUART,2811.0,77.962,0.674,6.5,12.45,3.092,1,0.867,3
7,A1 SH,STUART,2811.5,83.89399999999999,0.667,6.3,12.65,3.123,1,0.8440000000000001,3
8,A1 SH,STUART,2812.0,84.42399999999999,0.653,6.7,13.05,3.1210000000000004,1,0.8220000000000001,3
9,A1 SH,STUART,2812.5,83.16,0.642,7.3,12.95,3.127,1,0.8,2
10,A1 SH,STUART,2813.0,79.063,0.6509999999999999,7.3,12.05,3.147,1,0.778,2
11,A1 SH,STUART,2813.5,69.002,0.677,6.2,10.8,3.096,1,0.7559999999999999,2
12,A1 SH,STUART,2814.0,63.983000000000004,0.69,4.4,9.7,3.103,1,0.733,2
13,A1 SH,STUART,2814.5,61.797,0.675,3.5,9.15,3.1010000000000004,1,0.711,2
14,A1 SH,STUART,2815.0,61.372,0.6459999999999999,2.8,9.3,3.065,1,0.6890000000000001,2
15,A1 SH,STUART,2815.5,63.535,0.621,2.8,9.8,2.9819999999999998,1,0.667,2
16,A1 SH,STUART,2816.0,65.126,0.6,3.3,10.55,2.9139999999999997,1,0.644,2
17,A1 SH,STUART,2816.5,75.93,0.5760000000000001,3.4,11.9,2.845,1,0.6,2
18,A1 SH,STUART,2817.0,85.07700000000001,0.584,4.4,12.9,2.8539999999999996,1,0.578,2
19,A1 SH,STUART,2817.5,89.459,0.598,6.6,13.5,2.986,1,0.556,2
20,A1 SH,STUART,2818.0,88.619,0.61,7.2,14.8,2.988,1,0.5329999999999999,2
21,A1 SH,STUART,2818.5,81.593,0.636,6.4,13.9,2.998,1,0.511,2
22,A1 SH,STUART,2819.0,66.595,0.7020000000000001,2.8,11.4,2.988,1,0.489,2
23,A1 SH,STUART,2819.5,55.081,0.789,2.7,8.15,3.028,1,0.467,2
24,A1 SH,STUART,2820.0,48.111999999999995,0.84,1.0,7.5,3.073,1,0.444,2
25,A1 SH,STUART,2820.5,43.73,0.846,0.4,7.1,3.1460000000000004,1,0.42200000000000004,2
26,A1 SH,STUART,2821.0,44.097,0.84,0.7,6.65,3.205,1,0.4,2
27,A1 SH,STUART,2821.5,46.839,0.8420000000000001,0.8,6.6,3.2539999999999996,1,0.37799999999999995,2
28,A1 SH,STUART,2822.0,50.348,0.843,1.1,6.75,3.23,1,0.35600000000000004,2
29,A1 SH,STUART,2822.5,57.129,0.8220000000000001,2.2,7.3,3.237,1,0.33299999999999996,2
30,A1 SH,STUART,2823.0,64.465,0.777,4.4,8.4,3.259,1,0.311,2
31,A1 SH,STUART,2823.5,70.267,0.7290000000000001,7.1,9.85,3.2889999999999997,1,0.289,2
32,A1 SH,STUART,2824.0,76.566,0.664,10.7,11.55,3.3810000000000002,1,0.244,2
33,A1 SH,STUART,2824.5,76.778,0.643,10.7,12.25,3.452,1,0.222,2
34,A1 SH,STUART,2825.0,73.971,0.632,9.7,12.55,3.3960000000000004,1,0.2,2
35,A1 SH,STUART,2825.5,74.314,0.622,8.8,13.1,3.1439999999999997,1,0.17800000000000002,2
36,A1 SH,STUART,2826.0,77.031,0.583,4.8,16.2,3.034,1,0.156,2
37,A1 SH,STUART,2826.5,74.469,0.517,4.8,19.2,2.931,1,0.133,2
38,A1 SH,STUART,2827.0,73.327,0.489,6.3,20.35,2.88,1,0.111,3
39,A1 SH,STUART,2827.5,74.575,0.526,4.9,19.25,2.795,1,0.08900000000000001,3
40,A1 SH,STUART,2828.0,70.536,0.5579999999999999,6.5,17.05,3.009,1,0.067,3
41,A1 SH,STUART,2828.5,62.93899999999999,0.528,7.6,18.8,3.073,1,0.044000000000000004,3
42,A1 SH,STUART,2829.0,57.137,0.511,10.9,19.15,3.313,1,0.022000000000000002,3
43,A1 LM,STUART,2829.5,47.345,0.584,7.0,16.3,3.5269999999999997,2,1.0,8
44,A1 LM,STUART,2830.0,35.733000000000004,0.73,6.4,10.2,3.928,2,0.987,8
45,A1 LM,STUART,2830.5,29.326999999999998,0.873,2.7,7.85,4.33,2,0.9740000000000001,8
46,A1 LM,STUART,2831.0,28.241999999999997,0.963,1.4,6.3,4.413,2,0.961,8
47,A1 LM,STUART,2831.5,34.558,1.018,1.8,5.6,4.511,2,0.9470000000000001,8
48,A1 LM,STUART,2832.0,43.754,1.054,1.8,5.2,4.412,2,0.934,8
49,A1 LM,STUART,2832.5,53.611999999999995,1.067,1.5,5.05,4.226,2,0.9209999999999999,6
50,A1 LM,STUART,2833.0,60.718999999999994,1.0390000000000001,1.9,4.85,3.931,2,0.9079999999999999,6
51,A1 LM,STUART,2833.5,66.538,0.94,2.7,5.45,3.7030000000000003,2,0.895,6
52,A1 LM,STUART,2834.0,75.52199999999999,0.8009999999999999,4.0,7.3,3.5010000000000003,2,0.882,6
53,A1 LM,STUART,2834.5,95.979,0.6920000000000001,6.5,9.55,3.346,2,0.868,6
54,A1 LM,STUART,2835.0,130.26,0.644,8.3,11.15,3.242,2,0.855,4
55,A1 LM,STUART,2835.5,160.167,0.643,9.3,12.15,3.2939999999999996,2,0.8420000000000001,4
56,A1 LM,STUART,2836.0,176.528,0.6729999999999999,9.1,12.05,3.298,2,0.8290000000000001,4
57,A1 LM,STUART,2836.5,175.622,0.72,8.9,12.15,3.3489999999999998,2,0.816,4
58,A1 LM,STUART,2837.0,153.965,0.7559999999999999,7.6,11.9,3.31,2,0.8029999999999999,4
59,A1 LM,STUART,2837.5,120.07600000000001,0.7659999999999999,7.2,12.2,3.365,2,0.789,4
60,A1 LM,STUART,2838.0,91.434,0.787,7.1,12.15,3.392,2,0.7759999999999999,4
61,A1 LM,STUART,2838.5,69.312,0.8740000000000001,4.6,10.4,3.293,2,0.763,4
62,A1 LM,STUART,2839.0,54.828,1.0290000000000001,0.8,8.2,3.395,2,0.75,6
63,A1 LM,STUART,2839.5,50.854,1.149,0.3,6.85,3.5,2,0.737,6
64,A1 LM,STUART,2840.0,54.632,1.09,1.0,7.4,3.576,2,0.7240000000000001,6
65,A1 LM,STUART,2840.5,56.835,0.924,4.1,8.45,3.555,2,0.711,6
66,A1 LM,STUART,2841.0,60.393,0.7879999999999999,7.1,10.05,3.591,2,0.6970000000000001,6
67,A1 LM,STUART,2841.5,58.94,0.733,8.1,11.15,3.576,2,0.684,6
68,A1 LM,STUART,2842.0,49.718999999999994,0.754,6.1,10.75,3.6689999999999996,2,0.6709999999999999,6
69,A1 LM,STUART,2842.5,41.403999999999996,0.8190000000000001,3.5,9.55,3.872,2,0.6579999999999999,6
70,A1 LM,STUART,2843.0,36.084,0.882,1.6,8.2,4.125,2,0.645,8
71,A1 LM,STUART,2843.5,29.344,0.897,0.1,7.25,4.23,2,0.632,8
72,A1 LM,STUART,2844.0,24.072,0.841,-0.6,6.8,4.302,2,0.618,8
73,A1 LM,STUART,2844.5,22.62,0.733,-2.5,7.65,4.348,2,0.605,8
74,A1 LM,STUART,2845.0,22.408,0.597,-3.8,9.5,4.29,2,0.5920000000000001,8
75,A1 LM,STUART,2845.5,21.184,0.469,-2.7,11.05,4.255,2,0.579,8
76,A1 LM,STUART,2846.0,21.796,0.375,-2.3,13.35,4.213,2,0.5660000000000001,8
77,A1 LM,STUART,2846.5,23.925,0.314,-1.8,15.1,4.363,2,0.5529999999999999,8
78,A1 LM,STUART,2847.0,24.464000000000002,0.278,-1.3,16.15,4.495,2,0.539,8
79,A1 LM,STUART,2847.5,26.039,0.257,-1.9,16.55,4.602,2,0.526,8
80,A1 LM,STUART,2848.0,27.491,0.247,-2.5,16.45,4.544,2,0.513,8
81,A1 LM,STUART,2848.5,28.193,0.249,-2.4,16.3,4.587,2,0.5,8
82,A1 LM,STUART,2849.0,28.634,0.265,-1.9,16.15,4.678,2,0.48700000000000004,8
83,A1 LM,STUART,2849.5,29.809,0.299,-1.0,15.2,4.8660000000000005,2,0.474,8
84,A1 LM,STUART,2850.0,31.171999999999997,0.349,-1.5,14.15,4.783,2,0.461,8
85,A1 LM,STUART,2850.5,33.448,0.418,-1.1,12.65,4.688,2,0.447,8
86,A1 LM,STUART,2851.0,33.514,0.503,-1.2,11.3,4.628,2,0.434,8
87,A1 LM,STUART,2851.5,35.146,0.593,-0.5,10.05,4.387,2,0.42100000000000004,8
88,A1 LM,STUART,2852.0,35.953,0.6709999999999999,-0.7,9.45,4.291,2,0.408,8
89,A1 LM,STUART,2852.5,35.178000000000004,0.7290000000000001,-0.6,9.0,4.178,2,0.395,6
90,A1 LM,STUART,2853.0,36.109,0.773,0.1,8.35,4.203,2,0.382,6
91,A1 LM,STUART,2853.5,38.769,0.82,1.3,7.55,4.262,2,0.368,6
92,A1 LM,STUART,2854.0,39.510999999999996,0.873,1.3,7.05,4.387,2,0.355,6
93,A1 LM,STUART,2854.5,40.523,0.927,2.6,6.5,4.006,2,0.342,6
94,A1 LM,STUART,2855.0,42.693999999999996,0.9640000000000001,2.8,6.8,3.718,2,0.32899999999999996,6
95,A1 LM,STUART,2855.5,45.297,0.9590000000000001,3.0,7.3,3.594,2,0.316,6
96,A1 LM,STUART,2856.0,48.145,0.915,3.8,8.2,3.46,2,0.303,6
97,A1 LM,STUART,2856.5,51.041000000000004,0.862,5.9,8.75,3.333,2,0.289,6
98,A1 LM,STUART,2857.0,56.125,0.825,7.4,9.3,3.3360000000000003,2,0.276,6
99,A1 LM,STUART,2857.5,62.205,0.807,6.4,9.9,3.362,2,0.263,6
100,A1 LM,STUART,2858.0,64.865,0.794,4.7,10.25,3.2439999999999998,2,0.25,4
101,A1 LM,STUART,2858.5,68.186,0.7709999999999999,4.1,10.25,3.174,2,0.237,4
102,A1 LM,STUART,2859.0,72.421,0.743,4.1,10.55,3.174,2,0.22399999999999998,4
103,A1 LM,STUART,2859.5,74.322,0.73,4.5,10.65,3.187,2,0.21100000000000002,4
104,A1 LM,STUART,2860.0,72.543,0.748,4.1,10.35,3.359,2,0.19699999999999998,4
105,A1 LM,STUART,2860.5,65.672,0.8140000000000001,3.5,9.05,3.6180000000000003,2,0.184,4
106,A1 LM,STUART,2861.0,57.153,0.951,1.7,6.75,3.9019999999999997,2,0.171,6
107,A1 LM,STUART,2861.5,46.056000000000004,1.148,0.1,4.55,4.221,2,0.158,6
108,A1 LM,STUART,2862.0,37.961,1.324,0.0,3.3,4.561,2,0.145,6
109,A1 LM,STUART,2862.5,33.579,1.402,-0.2,2.8,4.7989999999999995,2,0.132,6
110,A1 LM,STUART,2863.0,31.212,1.439,-0.4,2.7,4.874,2,0.11800000000000001,8
111,A1 LM,STUART,2863.5,30.176,1.486,-0.5,2.55,4.787,2,0.105,8
112,A1 LM,STUART,2864.0,29.858,1.507,-0.7,2.75,4.622,2,0.092,8
113,A1 LM,STUART,2864.5,29.923000000000002,1.433,-0.6,3.3,4.375,2,0.079,8
114,A1 LM,STUART,2865.0,34.428000000000004,1.2790000000000001,0.0,4.0,4.115,2,0.066,8
115,A1 LM,STUART,2865.5,39.935,1.1340000000000001,0.8,4.6,3.9789999999999996,2,0.053,8
116,A1 LM,STUART,2866.0,39.935,1.1340000000000001,0.8,4.6,3.9789999999999996,2,0.053,8
117,A1 LM,STUART,2866.5,46.823,1.05,1.3,5.15,3.727,2,0.039,8
118,A1 LM,STUART,2867.0,57.968999999999994,1.01,2.0,5.2,3.537,2,0.026000000000000002,8
119,A1 LM,STUART,2867.5,71.24600000000001,0.9540000000000001,2.3,5.65,3.4819999999999998,2,0.013000000000000001,8
120,B1 SH,STUART,2868.0,82.54799999999999,0.843,3.2,7.2,3.532,1,1.0,3
121,B1 SH,STUART,2868.5,92.119,0.718,4.9,8.95,3.484,1,0.968,3
122,B1 SH,STUART,2869.0,93.564,0.635,7.0,11.1,3.4019999999999997,1,0.935,3
123,B1 SH,STUART,2869.5,86.26,0.615,9.0,11.9,3.486,1,0.903,3
124,B1 SH,STUART,2870.0,77.097,0.637,9.5,11.25,3.56,1,0.871,2
125,B1 SH,STUART,2870.5,67.68,0.6509999999999999,9.2,10.7,3.4730000000000003,1,0.8390000000000001,2
126,B1 SH,STUART,2871.0,64.04899999999999,0.639,8.5,10.65,3.4010000000000002,1,0.8059999999999999,2
127,B1 SH,STUART,2871.5,67.566,0.621,7.5,11.45,3.307,1,0.774,2
128,B1 SH,STUART,2872.0,69.72800000000001,0.604,7.1,12.45,3.28,1,0.742,2
129,B1 SH,STUART,2872.5,67.96600000000001,0.5820000000000001,8.3,13.45,3.253,1,0.71,2
130,B1 SH,STUART,2873.0,65.803,0.565,9.6,13.5,3.284,1,0.677,2
131,B1 SH,STUART,2873.5,62.351000000000006,0.575,10.1,11.85,3.405,1,0.645,2
132,B1 SH,STUART,2874.0,59.512,0.621,10.1,9.65,3.5039999999999996,1,0.613,2
133,B1 SH,STUART,2874.5,61.176,0.691,9.9,8.15,3.5869999999999997,1,0.581,2
134,B1 SH,STUART,2875.0,65.75399999999999,0.7509999999999999,9.6,7.7,3.605,1,0.5479999999999999,2
135,B1 SH,STUART,2875.5,66.66,0.768,9.0,8.2,3.505,1,0.516,2
136,B1 SH,STUART,2876.0,64.604,0.742,8.0,8.9,3.411,1,0.484,2
137,B1 SH,STUART,2876.5,61.699,0.696,7.0,9.2,3.319,1,0.452,2
138,B1 SH,STUART,2877.0,58.353,0.657,5.6,9.3,3.265,1,0.419,2
139,B1 SH,STUART,2877.5,55.928999999999995,0.64,4.2,9.2,3.167,1,0.387,2
140,B1 SH,STUART,2878.0,57.413999999999994,0.64,4.0,9.1,3.181,1,0.355,2
141,B1 SH,STUART,2878.5,60.393,0.64,3.8,9.3,3.133,1,0.32299999999999995,2
142,B1 SH,STUART,2879.0,65.90100000000001,0.636,4.2,9.9,3.1630000000000003,1,0.29,2
143,B1 SH,STUART,2879.5,71.385,0.635,5.8,10.8,3.1310000000000002,1,0.258,2
144,B1 SH,STUART,2880.0,75.816,0.625,4.9,13.55,2.997,1,0.226,2
145,B1 SH,STUART,2880.5,75.334,0.5870000000000001,5.6,15.9,2.938,1,0.19399999999999998,2
146,B1 SH,STUART,2881.0,72.69,0.5579999999999999,4.8,18.5,2.969,1,0.129,2
147,B1 SH,STUART,2881.5,68.635,0.5579999999999999,6.9,19.45,3.1039999999999996,1,0.09699999999999999,2
148,B1 SH,STUART,2882.0,60.695,0.52,7.5,21.25,3.147,1,0.065,2
149,B1 SH,STUART,2882.5,51.645,0.501,5.6,18.1,3.3539999999999996,1,0.032,3
150,B1 LM,STUART,2883.0,41.918,0.5479999999999999,7.0,10.9,3.764,2,1.0,8
151,B1 LM,STUART,2883.5,32.991,0.633,7.7,6.35,4.109,2,0.968,8
152,B1 LM,STUART,2884.0,28.258000000000003,0.705,5.0,6.1,4.154,2,0.935,8
153,B1 LM,STUART,2884.5,26.635,0.769,4.1,5.35,4.321000000000001,2,0.903,8
154,B1 LM,STUART,2885.0,25.541,0.847,3.6,4.8,4.476,2,0.871,8
155,B1 LM,STUART,2885.5,23.795,0.948,2.3,4.45,4.565,2,0.8390000000000001,8
156,B1 LM,STUART,2886.0,20.719,1.061,2.2,3.5,4.615,2,0.8059999999999999,8
157,B1 LM,STUART,2886.5,18.499000000000002,1.139,2.4,3.2,4.696000000000001,2,0.774,8
158,B1 LM,STUART,2887.0,19.445999999999998,1.1179999999999999,1.5,4.65,4.668,2,0.742,8
159,B1 LM,STUART,2887.5,21.388,1.0190000000000001,1.0,7.1,4.579,2,0.71,8
160,B1 LM,STUART,2888.0,24.178,0.9079999999999999,1.2,9.2,4.292,2,0.677,8
161,B1 LM,STUART,2888.5,27.638,0.812,0.0,11.1,4.046,2,0.645,8
162,B1 LM,STUART,2889.0,31.669,0.7240000000000001,0.9,11.45,3.822,2,0.613,8
163,B1 LM,STUART,2889.5,39.389,0.627,3.4,11.2,3.6289999999999996,2,0.581,8
164,B1 LM,STUART,2890.0,49.385,0.535,6.4,11.5,3.517,2,0.5479999999999999,7
165,B1 LM,STUART,2890.5,58.516000000000005,0.488,9.0,11.4,3.4739999999999998,2,0.516,7
166,B1 LM,STUART,2891.0,66.619,0.511,9.2,10.8,3.613,2,0.484,6
167,B1 LM,STUART,2891.5,67.296,0.602,6.4,9.5,3.862,2,0.452,6
168,B1 LM,STUART,2892.0,57.798,0.745,3.7,8.25,4.052,2,0.419,6
169,B1 LM,STUART,2892.5,48.169,0.912,1.1,7.45,4.2410000000000005,2,0.387,6
170,B1 LM,STUART,2893.0,41.437,1.045,0.4,6.3,4.476,2,0.355,6
171,B1 LM,STUART,2893.5,39.348,1.117,0.1,5.35,4.712,2,0.32299999999999995,6
172,B1 LM,STUART,2894.0,49.312,1.1440000000000001,1.0,4.5,4.56,2,0.29,6
173,B1 LM,STUART,2894.5,61.983999999999995,1.143,0.7,4.85,4.605,2,0.258,6
174,B1 LM,STUART,2895.0,73.506,1.122,0.9,5.75,4.574,2,0.226,6
175,B1 LM,STUART,2895.5,74.208,1.095,0.3,6.85,4.478,2,0.19399999999999998,6
176,B1 LM,STUART,2896.0,67.819,1.072,-0.7,7.55,4.444,2,0.161,8
177,B1 LM,STUART,2896.5,61.625,1.057,-1.2,7.4,4.439,2,0.129,8
178,B1 LM,STUART,2897.0,61.625,1.057,-1.2,7.4,4.439,2,0.129,8
179,B1 LM,STUART,2897.5,55.481,1.041,-0.9,6.55,4.335,2,0.09699999999999999,8
180,B1 LM,STUART,2898.0,57.251000000000005,0.98,-0.1,5.75,3.907,2,0.065,8
181,B1 LM,STUART,2898.5,67.28,0.84,-0.6,7.1,3.58,2,0.032,8
182,B2 SH,STUART,2899.0,76.02,0.6859999999999999,0.7,9.45,3.23,1,1.0,3
183,B2 SH,STUART,2899.5,84.45700000000001,0.603,2.5,12.45,2.967,1,0.9470000000000001,3
184,B2 SH,STUART,2900.0,89.01899999999999,0.595,4.6,14.9,2.7939999999999996,1,0.895,3
185,B2 SH,STUART,2900.5,89.93299999999999,0.591,3.9,18.55,2.7889999999999997,1,0.8420000000000001,3
186,B2 SH,STUART,2901.0,89.38600000000001,0.539,4.5,22.55,2.861,1,0.789,3
187,B2 SH,STUART,2901.5,89.427,0.479,6.2,25.4,2.935,1,0.737,3
188,B2 SH,STUART,2902.0,87.51700000000001,0.461,7.6,24.4,3.128,1,0.684,3
189,B2 SH,STUART,2902.5,83.74700000000001,0.485,8.7,23.15,3.284,1,0.632,3
190,B2 SH,STUART,2903.0,78.304,0.541,6.1,21.25,3.332,1,0.579,3
191,B2 SH,STUART,2903.5,71.858,0.635,8.5,15.95,3.485,1,0.526,2
192,B2 SH,STUART,2904.0,64.70100000000001,0.737,5.0,15.7,3.471,1,0.474,2
193,B2 SH,STUART,2904.5,64.293,0.752,1.7,17.15,3.45,1,0.42100000000000004,2
194,B2 SH,STUART,2905.0,67.158,0.6859999999999999,-0.3,19.95,3.2760000000000002,1,0.368,3
195,B2 SH,STUART,2905.5,72.47800000000001,0.631,0.2,20.4,3.1710000000000003,1,0.316,3
196,B2 SH,STUART,2906.0,78.068,0.614,5.0,18.1,3.252,1,0.21100000000000002,3
197,B2 SH,STUART,2906.5,73.008,0.5920000000000001,2.4,20.1,3.175,1,0.158,3
198,B2 SH,STUART,2907.0,64.64399999999999,0.5429999999999999,1.7,22.35,3.302,1,0.105,3
199,B2 SH,STUART,2907.5,49.801,0.5379999999999999,0.0,20.8,3.551,1,0.053,3
200,B2 LM,STUART,2908.0,35.937,0.628,-2.8,16.8,3.96,2,1.0,8
201,B2 LM,STUART,2908.5,24.203000000000003,0.743,-0.3,12.35,4.454,2,0.963,8
202,B2 LM,STUART,2909.0,15.985999999999999,0.777,-0.2,11.5,4.657,2,0.9259999999999999,8
203,B2 LM,STUART,2909.5,12.036,0.773,-0.5,10.55,4.593999999999999,2,0.889,8
204,B2 LM,STUART,2910.0,12.745999999999999,0.787,-1.2,9.2,4.437,2,0.852,8
205,B2 LM,STUART,2910.5,14.843,0.809,-1.6,7.7,4.351,2,0.815,8
206,B2 LM,STUART,2911.0,17.087,0.8059999999999999,-1.0,6.8,4.242,2,0.778,8
207,B2 LM,STUART,2911.5,17.977,0.765,0.3,6.45,4.105,2,0.741,8
208,B2 LM,STUART,2912.0,18.834,0.701,-0.1,7.15,4.279,2,0.7040000000000001,8
209,B2 LM,STUART,2912.5,19.258,0.644,0.4,7.4,4.669,2,0.667,8
210,B2 LM,STUART,2913.0,19.062,0.61,0.6,7.8,5.19,2,0.63,8
211,B2 LM,STUART,2913.5,18.637999999999998,0.6,1.8,7.6,5.527,2,0.593,8
212,B2 LM,STUART,2914.0,19.462,0.598,3.4,6.8,6.321000000000001,2,0.556,8
213,B2 LM,STUART,2914.5,19.552,0.581,3.1,6.95,6.16,2,0.519,8
214,B2 LM,STUART,2915.0,20.653000000000002,0.529,0.9,8.65,5.865,2,0.48100000000000004,8
215,B2 LM,STUART,2915.5,23.371,0.45,-1.0,11.3,5.315,2,0.444,8
216,B2 LM,STUART,2916.0,25.468000000000004,0.391,-1.3,13.75,4.918,2,0.40700000000000003,8
217,B2 LM,STUART,2916.5,26.291999999999998,0.377,-2.3,14.85,4.521,2,0.37,8
218,B2 LM,STUART,2917.0,27.736,0.41100000000000003,-3.6,14.1,4.4430000000000005,2,0.33299999999999996,8
219,B2 LM,STUART,2917.5,29.784000000000002,0.48200000000000004,-3.1,11.85,4.3469999999999995,2,0.29600000000000004,8
220,B2 LM,STUART,2918.0,31.041,0.578,-2.2,9.4,4.416,2,0.259,8
221,B2 LM,STUART,2918.5,30.837,0.6829999999999999,-0.4,7.4,4.394,2,0.222,6
222,B2 LM,STUART,2919.0,32.64,0.807,1.0,5.6,4.343,2,0.185,6
223,B2 LM,STUART,2919.5,33.571,0.9420000000000001,1.6,4.5,4.086,2,0.14800000000000002,6
224,B2 LM,STUART,2920.0,39.56,1.003,1.9,4.55,3.8110000000000004,2,0.111,6
225,B2 LM,STUART,2920.5,47.475,0.9309999999999999,1.5,6.15,3.625,2,0.07400000000000001,6
226,B2 LM,STUART,2921.0,56.443000000000005,0.821,2.3,8.05,3.3930000000000002,2,0.037000000000000005,2
227,B3 SH,STUART,2921.5,64.79899999999999,0.7509999999999999,3.4,9.6,3.12,1,1.0,2
228,B3 SH,STUART,2922.0,69.72,0.711,3.0,12.4,3.03,1,0.95,2
229,B3 SH,STUART,2922.5,72.51100000000001,0.637,3.5,16.35,2.984,1,0.9,3
230,B3 SH,STUART,2923.0,74.69800000000001,0.525,5.4,20.8,2.915,1,0.85,3
231,B3 SH,STUART,2923.5,74.69800000000001,0.525,5.4,20.8,2.915,1,0.85,3
232,B3 SH,STUART,2924.0,73.425,0.45799999999999996,5.2,21.6,2.92,1,0.8,3
233,B3 SH,STUART,2924.5,71.328,0.486,3.1,17.35,2.995,1,0.75,3
234,B3 SH,STUART,2925.0,68.937,0.5870000000000001,4.1,13.25,3.122,1,0.7,2
235,B3 SH,STUART,2925.5,66.562,0.6709999999999999,1.3,13.25,3.2430000000000003,1,0.65,2
236,B3 SH,STUART,2926.0,64.63600000000001,0.6629999999999999,3.2,13.3,3.324,1,0.6,2
237,B3 SH,STUART,2926.5,66.619,0.625,4.0,13.6,3.33,1,0.55,2
238,B3 SH,STUART,2927.0,66.619,0.625,4.0,13.6,3.33,1,0.55,2
239,B3 SH,STUART,2927.5,65.624,0.635,3.2,12.4,3.3089999999999997,1,0.5,2
240,B3 SH,STUART,2928.0,65.322,0.68,3.3,9.65,3.315,1,0.45,2
241,B3 SH,STUART,2928.5,67.035,0.7070000000000001,2.4,8.6,3.2319999999999998,1,0.4,2
242,B3 SH,STUART,2929.0,68.194,0.693,3.0,8.8,3.157,1,0.35,2
243,B3 SH,STUART,2929.5,69.149,0.6459999999999999,3.0,10.4,3.034,1,0.3,2
244,B3 SH,STUART,2930.0,72.20100000000001,0.588,3.2,13.2,3.052,1,0.25,2
245,B3 SH,STUART,2930.5,73.77600000000001,0.542,4.4,16.0,3.1319999999999997,1,0.2,2
246,B3 SH,STUART,2931.0,72.609,0.525,5.5,17.55,3.31,1,0.15,2
247,B3 SH,STUART,2931.5,66.86399999999999,0.55,5.3,16.55,3.625,1,0.1,3
248,B3 SH,STUART,2932.0,53.702,0.62,5.7,13.75,4.003,1,0.05,3
249,B3 LM,STUART,2932.5,40.474000000000004,0.713,4.7,11.15,4.2780000000000005,2,1.0,8
250,B3 LM,STUART,2933.0,28.12,0.774,2.2,10.5,4.537,2,0.9,8
251,B3 LM,STUART,2933.5,20.213,0.769,-1.1,10.95,4.6819999999999995,2,0.8,8
252,B3 LM,STUART,2934.0,19.192999999999998,0.732,-1.0,11.1,4.546,2,0.7,8
253,B3 LM,STUART,2934.5,20.449,0.6990000000000001,-0.7,10.65,4.386,2,0.6,8
254,B3 LM,STUART,2935.0,21.355,0.679,-0.1,9.95,4.28,2,0.5,8
255,B3 LM,STUART,2935.5,21.641,0.6679999999999999,1.3,8.95,4.221,2,0.4,8
256,B3 LM,STUART,2936.0,24.203000000000003,0.653,2.6,8.3,4.099,2,0.3,8
257,B3 LM,STUART,2936.5,34.574,0.613,2.4,9.0,3.66,2,0.2,8
258,B3 LM,STUART,2937.0,45.231,0.5479999999999999,2.3,10.45,3.4960000000000004,2,0.1,8
259,B4 SH,STUART,2937.5,56.427,0.498,2.9,11.35,3.338,1,1.0,2
260,B4 SH,STUART,2938.0,67.06,0.504,1.7,11.65,3.135,1,0.9440000000000001,2
261,B4 SH,STUART,2938.5,70.83800000000001,0.5579999999999999,2.0,10.8,3.012,1,0.889,2
262,B4 SH,STUART,2939.0,69.932,0.612,3.3,10.05,3.0660000000000003,1,0.833,2
263,B4 SH,STUART,2939.5,74.52600000000001,0.633,4.1,10.25,3.109,1,0.778,2
264,B4 SH,STUART,2940.0,77.611,0.626,5.0,11.0,3.063,1,0.722,2
265,B4 SH,STUART,2940.5,78.59,0.605,5.9,11.55,3.092,1,0.667,2
266,B4 SH,STUART,2941.0,76.729,0.591,5.7,11.95,3.051,1,0.611,2
267,B4 SH,STUART,2941.5,74.11,0.608,3.7,10.95,3.07,1,0.556,2
268,B4 SH,STUART,2942.0,66.407,0.653,2.2,9.6,2.997,1,0.5,2
269,B4 SH,STUART,2942.5,64.081,0.693,1.4,8.6,3.093,1,0.444,2
270,B4 SH,STUART,2943.0,65.885,0.705,0.9,8.55,3.1060000000000003,1,0.389,2
271,B4 SH,STUART,2943.5,70.29899999999999,0.696,1.4,9.0,3.085,1,0.33299999999999996,2
272,B4 SH,STUART,2944.0,70.29899999999999,0.696,1.4,9.0,3.085,1,0.33299999999999996,2
273,B4 SH,STUART,2944.5,74.551,0.677,3.1,9.65,3.0660000000000003,1,0.278,2
274,B4 SH,STUART,2945.0,79.65899999999999,0.643,3.4,12.5,2.9019999999999997,1,0.222,2
275,B4 SH,STUART,2945.5,80.402,0.573,-2.8,19.3,2.9819999999999998,1,0.16699999999999998,3
276,B4 SH,STUART,2946.0,74.649,0.483,-0.5,23.95,3.14,1,0.111,3
277,B4 SH,STUART,2946.5,63.428999999999995,0.461,0.2,24.2,3.3939999999999997,1,0.055999999999999994,3
278,B4 LM,STUART,2947.0,47.916000000000004,0.598,-7.6,18.9,3.762,2,1.0,8
279,B4 LM,STUART,2947.5,32.469,0.912,-1.4,9.8,4.314,2,0.929,8
280,B4 LM,STUART,2948.0,20.718000000000004,1.222,-2.9,7.85,4.863,2,0.857,8
281,B4 LM,STUART,2948.5,15.015,1.2329999999999999,-1.6,6.4,4.813,2,0.7859999999999999,8
282,B4 LM,STUART,2949.0,14.084000000000001,1.084,-1.1,6.55,4.644,2,0.7140000000000001,8
283,B4 LM,STUART,2949.5,15.937000000000001,0.9620000000000001,-0.4,7.4,4.6339999999999995,2,0.643,8
284,B4 LM,STUART,2950.0,19.348,0.9009999999999999,-1.0,7.9,4.545,2,0.5710000000000001,8
285,B4 LM,STUART,2950.5,21.469,0.9059999999999999,-1.1,6.75,4.5760000000000005,2,0.5,8
286,B4 LM,STUART,2951.0,22.587,0.9690000000000001,-1.4,5.5,4.527,2,0.429,8
287,B4 LM,STUART,2951.5,25.721,1.079,-0.9,4.45,4.512,2,0.35700000000000004,8
288,B4 LM,STUART,2952.0,29.45,1.2,0.0,4.0,4.437,2,0.28600000000000003,8
289,B4 LM,STUART,2952.5,36.313,1.169,-3.3,6.95,3.97,2,0.214,8
290,B4 LM,STUART,2953.0,49.49100000000001,0.909,-8.9,13.85,3.695,2,0.14300000000000002,6
291,B5 SH,STUART,2953.5,69.222,0.469,-6.0,27.9,3.3510000000000004,1,1.0,3
292,B5 SH,STUART,2954.0,70.968,0.444,-2.5,28.85,3.49,1,0.75,3
293,B5 SH,STUART,2954.5,65.37899999999999,0.501,-0.3,22.75,3.9,1,0.5,3
294,B5 SH,STUART,2955.0,54.093,0.56,-0.5,16.75,4.126,1,0.25,3
295,B5 LM,STUART,2955.5,41.633,0.541,3.9,11.55,4.482,2,1.0,8
296,B5 LM,STUART,2956.0,33.644,0.439,3.8,11.7,4.707,2,0.976,8
297,B5 LM,STUART,2956.5,28.976999999999997,0.321,1.3,14.45,4.447,2,0.951,8
298,B5 LM,STUART,2957.0,24.611,0.23199999999999998,-1.1,17.25,4.481,2,0.927,8
299,B5 LM,STUART,2957.5,24.154,0.184,-2.9,19.65,4.327,2,0.902,8
300,B5 LM,STUART,2958.0,25.639,0.17300000000000001,-2.4,20.5,4.302,2,0.878,8
301,B5 LM,STUART,2958.5,25.956999999999997,0.191,-2.4,19.9,4.294,2,0.8540000000000001,8
302,B5 LM,STUART,2959.0,38.965,0.266,-2.1,17.05,4.228,2,0.805,8
303,B5 LM,STUART,2959.5,45.354,0.301,0.2,14.8,4.127,2,0.78,8
304,B5 LM,STUART,2960.0,53.645,0.327,2.6,12.6,3.908,2,0.7559999999999999,8
305,B5 LM,STUART,2960.5,60.163999999999994,0.33799999999999997,3.8,12.2,3.74,2,0.732,7
306,B5 LM,STUART,2961.0,64.032,0.33399999999999996,5.5,13.15,3.5380000000000003,2,0.7070000000000001,7
307,B5 LM,STUART,2961.5,66.774,0.32299999999999995,7.9,14.75,3.5580000000000003,2,0.6829999999999999,7
308,B5 LM,STUART,2962.0,68.423,0.313,8.1,15.75,3.4760000000000004,2,0.659,7
309,B5 LM,STUART,2962.5,63.501999999999995,0.318,6.1,14.75,3.682,2,0.634,7
310,B5 LM,STUART,2963.0,57.903999999999996,0.349,2.8,12.9,3.937,2,0.61,8
311,B5 LM,STUART,2963.5,52.935,0.415,2.3,10.25,4.133,2,0.585,8
312,B5 LM,STUART,2964.0,45.125,0.507,2.3,8.45,4.248,2,0.561,8
313,B5 LM,STUART,2964.5,39.927,0.605,3.5,6.75,4.468,2,0.537,6
314,B5 LM,STUART,2965.0,36.215,0.703,2.4,6.0,4.575,2,0.512,6
315,B5 LM,STUART,2965.5,31.253,0.787,2.3,4.45,4.5569999999999995,2,0.488,6
316,B5 LM,STUART,2966.0,28.445999999999998,0.8320000000000001,2.2,3.4,4.573,2,0.46299999999999997,8
317,B5 LM,STUART,2966.5,27.296,0.821,1.2,4.4,4.79,2,0.439,8
318,B5 LM,STUART,2967.0,28.944000000000003,0.755,-0.4,7.3,4.887,2,0.415,8
319,B5 LM,STUART,2967.5,31.596,0.659,-1.6,11.0,4.824,2,0.39,8
320,B5 LM,STUART,2968.0,33.211999999999996,0.574,-3.1,14.45,4.765,2,0.366,9
321,B5 LM,STUART,2968.5,34.689,0.517,-3.0,16.4,4.766,2,0.341,9
322,B5 LM,STUART,2969.0,39.266,0.493,-1.9,16.15,4.705,2,0.317,9
323,B5 LM,STUART,2969.5,50.103,0.499,-2.0,14.6,4.453,2,0.293,8
324,B5 LM,STUART,2970.0,65.167,0.525,-1.6,13.1,4.3660000000000005,2,0.268,8
325,B5 LM,STUART,2970.5,76.436,0.557,-0.6,11.7,4.289,2,0.244,8
326,B5 LM,STUART,2971.0,92.88600000000001,0.628,-0.2,9.4,4.272,2,0.195,6
327,B5 LM,STUART,2971.5,99.64299999999999,0.6829999999999999,-0.3,7.95,4.395,2,0.171,6
328,B5 LM,STUART,2972.0,101.585,0.757,0.0,6.5,4.51,2,0.146,6
329,B5 LM,STUART,2972.5,95.775,0.85,1.6,4.9,4.53,2,0.122,6
330,B5 LM,STUART,2973.0,87.036,0.951,2.1,3.95,4.456,2,0.098,6
331,B5 LM,STUART,2973.5,72.331,1.0190000000000001,2.6,3.6,4.056,2,0.073,6
332,B5 LM,STUART,2974.0,58.858999999999995,0.991,3.4,3.9,3.7119999999999997,2,0.049,6
333,B5 LM,STUART,2974.5,60.931999999999995,0.857,1.3,7.35,3.3710000000000004,2,0.024,6
334,C SH,STUART,2975.0,67.655,0.675,-0.8,14.4,3.1310000000000002,1,1.0,3
335,C SH,STUART,2975.5,77.219,0.528,6.8,20.9,3.008,1,0.977,3
336,C SH,STUART,2976.0,82.115,0.45899999999999996,10.6,24.2,2.988,1,0.953,3
337,C SH,STUART,2976.5,84.865,0.446,9.4,23.7,3.134,1,0.93,3
338,C SH,STUART,2977.0,84.384,0.449,13.3,21.45,3.409,1,0.907,3
339,C SH,STUART,2977.5,81.77199999999999,0.44299999999999995,14.8,20.9,3.483,1,0.884,3
340,C SH,STUART,2978.0,78.998,0.444,16.5,20.65,3.438,1,0.8370000000000001,3
341,C SH,STUART,2978.5,79.896,0.457,14.9,20.15,3.423,1,0.8140000000000001,3
342,C SH,STUART,2979.0,79.194,0.462,14.8,19.9,3.45,1,0.7909999999999999,3
343,C SH,STUART,2979.5,78.99,0.451,13.5,19.65,3.3930000000000002,1,0.767,3
344,C SH,STUART,2980.0,79.21,0.441,15.1,18.95,3.475,1,0.7440000000000001,3
345,C SH,STUART,2980.5,78.1,0.451,15.6,17.5,3.478,1,0.721,3
346,C SH,STUART,2981.0,78.59,0.489,14.3,16.75,3.505,1,0.698,3
347,C SH,STUART,2981.5,79.439,0.544,12.7,15.25,3.478,1,0.674,2
348,C SH,STUART,2982.0,81.29899999999999,0.5760000000000001,11.5,14.65,3.4530000000000003,1,0.6509999999999999,2
349,C SH,STUART,2982.5,78.933,0.494,11.9,14.85,3.4789999999999996,1,0.605,2
350,C SH,STUART,2983.0,79.471,0.441,13.4,16.3,3.4939999999999998,1,0.581,2
351,C SH,STUART,2983.5,81.895,0.431,14.2,16.8,3.4410000000000003,1,0.5579999999999999,2
352,C SH,STUART,2984.0,82.76799999999999,0.46799999999999997,14.3,16.05,3.4930000000000003,1,0.535,2
353,C SH,STUART,2984.5,79.02199999999999,0.537,12.9,15.05,3.5,1,0.512,2
354,C SH,STUART,2985.0,76.74600000000001,0.601,11.4,13.8,3.4410000000000003,1,0.488,2
355,C SH,STUART,2985.5,73.066,0.638,11.1,13.25,3.426,1,0.465,2
356,C SH,STUART,2986.0,70.35600000000001,0.6509999999999999,11.0,13.1,3.447,1,0.442,2
357,C SH,STUART,2986.5,74.608,0.621,10.5,14.85,3.3989999999999996,1,0.395,2
358,C SH,STUART,2987.0,73.008,0.585,11.1,15.15,3.3930000000000002,1,0.37200000000000005,2
359,C SH,STUART,2987.5,70.438,0.546,12.1,15.15,3.4389999999999996,1,0.349,2
360,C SH,STUART,2988.0,68.08,0.5,13.5,14.65,3.478,1,0.326,2
361,C SH,STUART,2988.5,66.75,0.46,13.6,15.2,3.4610000000000003,1,0.302,2
362,C SH,STUART,2989.0,69.45100000000001,0.455,13.4,14.8,3.4939999999999998,1,0.27899999999999997,2
363,C SH,STUART,2989.5,75.946,0.494,14.2,14.0,3.5410000000000004,1,0.256,2
364,C SH,STUART,2990.0,80.344,0.556,11.8,13.6,3.522,1,0.233,2
365,C SH,STUART,2990.5,83.772,0.616,10.4,12.9,3.4760000000000004,1,0.18600000000000003,2
366,C SH,STUART,2991.0,84.76700000000001,0.618,10.7,12.55,3.39,1,0.163,2
367,C SH,STUART,2991.5,84.09,0.616,9.4,13.4,3.2889999999999997,1,0.14,2
368,C SH,STUART,2992.0,86.62799999999999,0.601,8.8,14.4,3.19,1,0.11599999999999999,3
369,C SH,STUART,2992.5,90.43,0.556,2.0,21.4,3.045,1,0.09300000000000001,3
370,C SH,STUART,2993.0,87.07700000000001,0.498,2.0,26.4,3.088,1,0.07,3
371,C SH,STUART,2993.5,76.623,0.479,5.3,28.45,3.2239999999999998,1,0.047,3
372,C SH,STUART,2994.0,62.768,0.546,3.2,26.3,3.3339999999999996,1,0.023,3
373,C LM,STUART,2994.5,43.738,0.703,1.8,19.3,3.8760000000000003,2,1.0,8
374,C LM,STUART,2995.0,27.859,0.855,6.9,11.75,4.508,2,0.993,8
375,C LM,STUART,2995.5,18.034000000000002,0.879,5.3,9.55,4.815,2,0.985,8
376,C LM,STUART,2996.0,13.203,0.83,3.0,9.1,4.863,2,0.978,8
377,C LM,STUART,2996.5,12.762,0.767,2.0,8.9,5.024,2,0.97,8
378,C LM,STUART,2997.0,14.843,0.7020000000000001,1.8,9.2,4.6160000000000005,2,0.963,8
379,C LM,STUART,2997.5,19.087,0.644,0.4,10.4,4.172,2,0.955,8
380,C LM,STUART,2998.0,19.087,0.644,0.4,10.4,4.172,2,0.955,8
381,C LM,STUART,2998.5,25.206999999999997,0.601,-0.2,10.7,3.97,2,0.948,8
382,C LM,STUART,2999.0,27.997,0.5870000000000001,1.1,10.25,3.9330000000000003,2,0.94,8
383,C LM,STUART,2999.5,28.822,0.602,2.2,10.0,3.875,2,0.9329999999999999,8
384,C LM,STUART,3000.0,28.618000000000002,0.622,1.9,10.35,3.969,2,0.925,8
385,C LM,STUART,3000.5,24.815,0.612,0.7,11.15,4.118,2,0.9179999999999999,8
386,C LM,STUART,3001.0,23.371,0.575,0.2,11.8,4.243,2,0.91,8
387,C LM,STUART,3001.5,23.052,0.542,0.1,12.35,4.196000000000001,2,0.903,8
388,C LM,STUART,3002.0,23.109,0.522,-0.1,12.15,4.192,2,0.8959999999999999,8
389,C LM,STUART,3002.5,24.138,0.511,-0.3,12.05,3.978,2,0.888,8
390,C LM,STUART,3003.0,24.448,0.511,-0.1,11.75,3.975,2,0.8809999999999999,8
391,C LM,STUART,3003.5,25.419,0.523,0.0,11.6,3.9619999999999997,2,0.873,8
392,C LM,STUART,3004.0,26.724,0.56,-0.7,11.35,3.99,2,0.866,8
393,C LM,STUART,3004.5,29.213,0.623,-0.8,10.7,3.885,2,0.858,8
394,C LM,STUART,3005.0,34.036,0.6859999999999999,0.4,9.4,3.8160000000000003,2,0.851,7
395,C LM,STUART,3005.5,38.157,0.716,1.7,7.75,3.66,2,0.843,5
396,C LM,STUART,3006.0,40.45,0.701,1.8,6.8,3.5439999999999996,2,0.836,5
397,C LM,STUART,3006.5,41.576,0.662,3.5,6.45,3.392,2,0.828,5
398,C LM,STUART,3007.0,40.123000000000005,0.633,3.7,7.35,3.24,2,0.821,5
399,C LM,STUART,3007.5,36.663000000000004,0.632,3.4,8.1,3.2119999999999997,2,0.813,5
400,C LM,STUART,3008.0,32.705999999999996,0.65,3.8,8.3,3.253,2,0.8059999999999999,5
401,C LM,STUART,3008.5,30.323,0.672,3.4,8.7,3.2889999999999997,2,0.799,5
402,C LM,STUART,3009.0,28.601,0.6940000000000001,3.0,9.4,3.3139999999999996,2,0.7909999999999999,8
403,C LM,STUART,3009.5,28.169,0.721,2.4,9.7,3.262,2,0.784,8
404,C LM,STUART,3010.0,29.441999999999997,0.7559999999999999,1.4,9.8,3.31,2,0.7759999999999999,8
405,C LM,STUART,3010.5,30.878,0.795,0.7,9.55,3.359,2,0.769,8
406,C LM,STUART,3011.0,32.150999999999996,0.8320000000000001,0.1,9.35,3.409,2,0.7609999999999999,6
407,C LM,STUART,3011.5,33.677,0.856,0.4,9.1,3.417,2,0.754,5
408,C LM,STUART,3012.0,33.701,0.872,1.1,8.95,3.444,2,0.746,5
409,C LM,STUART,3012.5,35.105,0.889,1.5,8.75,3.466,2,0.7390000000000001,5
410,C LM,STUART,3013.0,37.104,0.914,1.6,8.6,3.49,2,0.731,5
411,C LM,STUART,3013.5,37.349000000000004,0.9390000000000001,2.1,7.95,3.418,2,0.7240000000000001,5
412,C LM,STUART,3014.0,37.936,0.9520000000000001,2.4,7.7,3.5039999999999996,2,0.716,5
413,C LM,STUART,3014.5,39.086999999999996,0.953,2.1,7.75,3.511,2,0.7090000000000001,5
414,C LM,STUART,3015.0,38.059,0.951,1.7,7.55,3.55,2,0.701,5
415,C LM,STUART,3015.5,37.202,0.9520000000000001,2.2,7.3,3.603,2,0.6940000000000001,5
416,C LM,STUART,3016.0,37.218,0.951,1.8,7.5,3.675,2,0.687,5
417,C LM,STUART,3016.5,37.781,0.9490000000000001,1.4,7.6,3.741,2,0.679,5
418,C LM,STUART,3017.0,40.164,0.948,1.5,7.35,3.735,2,0.672,5
419,C LM,STUART,3017.5,40.955999999999996,0.95,1.6,7.3,3.747,2,0.664,5
420,C LM,STUART,3018.0,41.013000000000005,0.9520000000000001,1.5,7.25,3.64,2,0.657,5
421,C LM,STUART,3018.5,42.547,0.95,1.9,7.15,3.6830000000000003,2,0.649,5
422,C LM,STUART,3019.0,41.192,0.945,2.0,7.0,3.6439999999999997,2,0.642,5
423,C LM,STUART,3019.5,42.726000000000006,0.941,2.3,7.15,3.7039999999999997,2,0.634,5
424,C LM,STUART,3020.0,44.407,0.9420000000000001,3.4,7.0,3.695,2,0.627,5
425,C LM,STUART,3020.5,45.387,0.946,3.8,6.8,3.7880000000000003,2,0.619,5
426,C LM,STUART,3021.0,45.052,0.945,2.6,7.5,3.917,2,0.612,5
427,C LM,STUART,3021.5,46.129,0.935,2.4,7.4,3.948,2,0.604,5
428,C LM,STUART,3022.0,47.826,0.925,2.5,7.05,4.016,2,0.597,5
429,C LM,STUART,3022.5,50.053999999999995,0.925,2.3,6.75,3.935,2,0.59,5
430,C LM,STUART,3023.0,55.562,0.9329999999999999,1.8,6.9,3.9739999999999998,2,0.5820000000000001,5
431,C LM,STUART,3023.5,63.028999999999996,0.9470000000000001,2.0,6.8,3.859,2,0.575,6
432,C LM,STUART,3024.0,75.399,0.966,1.9,6.45,3.681,2,0.5670000000000001,6
433,C LM,STUART,3024.5,102.116,0.987,0.2,6.9,3.5610000000000004,2,0.56,6
434,C LM,STUART,3025.0,140.778,0.993,-0.4,7.0,3.513,2,0.552,4
435,C LM,STUART,3025.5,183.358,0.981,-0.3,7.35,3.437,2,0.545,4
436,C LM,STUART,3026.0,213.99900000000002,0.977,0.2,7.8,3.412,2,0.537,4
437,C LM,STUART,3026.5,220.41299999999998,1.004,0.0,8.0,3.528,2,0.53,4
438,C LM,STUART,3027.0,200.30599999999998,1.0270000000000001,0.0,8.0,3.6710000000000003,2,0.522,4
439,C LM,STUART,3027.5,162.149,0.9990000000000001,-0.2,8.5,3.7460000000000004,2,0.515,4
440,C LM,STUART,3028.0,121.20200000000001,0.95,0.2,9.2,3.892,2,0.507,4
441,C LM,STUART,3028.5,92.805,0.9159999999999999,1.3,9.95,3.924,2,0.5,4
442,C LM,STUART,3029.0,77.758,0.894,1.9,10.65,3.9530000000000003,2,0.493,4
443,C LM,STUART,3029.5,67.623,0.879,2.9,10.85,3.889,2,0.485,4
444,C LM,STUART,3030.0,62.376000000000005,0.873,2.5,11.45,3.799,2,0.478,4
445,C LM,STUART,3030.5,59.463,0.873,2.1,11.25,3.773,2,0.47,4
446,C LM,STUART,3031.0,55.211000000000006,0.872,2.7,10.45,3.784,2,0.46299999999999997,4
447,C LM,STUART,3031.5,51.727,0.866,2.3,10.35,3.787,2,0.455,6
448,C LM,STUART,3032.0,52.38,0.858,2.1,10.75,3.7760000000000002,2,0.44799999999999995,6
449,C LM,STUART,3032.5,53.122,0.851,2.5,11.05,3.7239999999999998,2,0.44,6
450,C LM,STUART,3033.0,51.245,0.8440000000000001,2.7,11.25,3.697,2,0.433,6
451,C LM,STUART,3033.5,52.208,0.836,1.5,11.75,3.653,2,0.425,6
452,C LM,STUART,3034.0,54.95,0.826,1.3,12.05,3.647,2,0.418,6
453,C LM,STUART,3034.5,54.43600000000001,0.8170000000000001,2.0,12.0,3.65,2,0.41,6
454,C LM,STUART,3035.0,54.81100000000001,0.81,1.8,12.1,3.678,2,0.40299999999999997,4
455,C LM,STUART,3035.5,55.603,0.8009999999999999,1.6,12.2,3.6439999999999997,2,0.396,4
456,C LM,STUART,3036.0,54.288999999999994,0.785,1.3,12.75,3.656,2,0.38799999999999996,4
457,C LM,STUART,3036.5,52.38,0.768,2.0,13.0,3.5980000000000003,2,0.381,4
458,C LM,STUART,3037.0,53.645,0.758,2.0,13.7,3.582,2,0.373,4
459,C LM,STUART,3037.5,53.93,0.757,2.1,13.75,3.5810000000000004,2,0.366,4
460,C LM,STUART,3038.0,56.071999999999996,0.755,2.9,13.75,3.645,2,0.358,4
461,C LM,STUART,3038.5,59.016999999999996,0.75,4.0,13.7,3.694,2,0.35100000000000003,4
462,C LM,STUART,3039.0,62.144,0.742,4.4,14.1,3.65,2,0.34299999999999997,4
463,C LM,STUART,3039.5,64.814,0.73,4.8,14.2,3.66,2,0.336,4
464,C LM,STUART,3040.0,66.705,0.7140000000000001,5.6,14.6,3.6889999999999996,2,0.32799999999999996,4
465,C LM,STUART,3040.5,67.568,0.695,6.5,15.45,3.674,2,0.321,4
466,C LM,STUART,3041.0,67.683,0.6759999999999999,6.7,15.65,3.603,2,0.313,4
467,C LM,STUART,3041.5,67.683,0.662,6.0,15.4,3.562,2,0.306,4
468,C LM,STUART,3042.0,67.683,0.6659999999999999,5.7,15.25,3.57,2,0.299,4
469,C LM,STUART,3042.5,67.683,0.701,6.0,15.2,3.603,2,0.29100000000000004,4
470,C LM,STUART,3043.0,67.683,0.778,5.1,15.65,3.537,2,0.284,4
471,C LM,STUART,3043.5,67.683,0.882,4.9,15.75,3.5469999999999997,2,0.276,4
472,C LM,STUART,3044.0,67.683,0.973,4.4,15.8,3.533,2,0.26899999999999996,4
473,C LM,STUART,3044.5,67.683,1.0170000000000001,3.5,16.25,3.495,2,0.261,4
474,A1 LM,CRAWFORD,2972.5,49.675,0.845,3.905,11.175,3.265,2,1.0,8
475,A1 LM,CRAWFORD,2973.0,34.435,0.879,3.085,8.175,3.8310000000000004,2,0.991,8
476,A1 LM,CRAWFORD,2973.5,26.178,0.92,2.615,4.945,4.306,2,0.981,8
477,A1 LM,CRAWFORD,2974.0,19.463,0.9670000000000001,0.82,3.82,4.578,2,0.972,8
478,A1 LM,CRAWFORD,2974.5,19.26,0.995,0.32,3.63,4.643,2,0.9620000000000001,8
479,A1 LM,CRAWFORD,2975.0,19.985,1.008,0.06,4.32,4.614,2,0.953,8
480,A1 LM,CRAWFORD,2975.5,22.298000000000002,1.002,-0.01,5.5,4.4910000000000005,2,0.943,8
481,A1 LM,CRAWFORD,2976.0,24.611,0.956,0.05,6.87,4.369,2,0.934,8
482,A1 LM,CRAWFORD,2976.5,24.677,0.8240000000000001,0.31,6.94,4.047,2,0.915,8
483,A1 LM,CRAWFORD,2977.0,24.945999999999998,0.667,0.965,5.915,3.8930000000000002,2,0.9059999999999999,6
484,A1 LM,CRAWFORD,2977.5,29.31,0.5589999999999999,2.11,6.15,3.52,2,0.8959999999999999,6
485,A1 LM,CRAWFORD,2978.0,37.321999999999996,0.522,3.375,8.445,3.125,2,0.887,5
486,A1 LM,CRAWFORD,2978.5,42.141999999999996,0.51,3.985,10.785,2.843,2,0.877,5
487,A1 LM,CRAWFORD,2979.0,52.434,0.49200000000000005,4.42,13.15,2.674,2,0.868,5
488,A1 LM,CRAWFORD,2979.5,63.181000000000004,0.473,5.18,14.13,2.6439999999999997,2,0.858,5
489,A1 LM,CRAWFORD,2980.0,69.405,0.465,5.52,14.56,2.6630000000000003,2,0.8490000000000001,7
490,A1 LM,CRAWFORD,2980.5,77.785,0.475,5.82,14.94,2.68,2,0.84,7
491,A1 LM,CRAWFORD,2981.0,83.57700000000001,0.469,5.965,15.395,2.6660000000000004,2,0.83,7
492,A1 LM,CRAWFORD,2981.5,84.05799999999999,0.513,6.025,15.855,2.622,2,0.821,4
493,A1 LM,CRAWFORD,2982.0,81.82,0.544,5.95,16.05,2.609,2,0.8109999999999999,4
494,A1 LM,CRAWFORD,2982.5,80.257,0.563,5.74,16.1,2.6260000000000003,2,0.802,4
495,A1 LM,CRAWFORD,2983.0,79.833,0.579,5.135,15.715,2.662,2,0.792,4
496,A1 LM,CRAWFORD,2983.5,80.32300000000001,0.583,4.565,15.275,2.693,2,0.7829999999999999,4
497,A1 LM,CRAWFORD,2984.0,84.704,0.59,4.365,15.165,2.7110000000000003,2,0.774,4
498,A1 LM,CRAWFORD,2984.5,96.67399999999999,0.596,4.725,15.565,2.7439999999999998,2,0.764,4
499,A1 LM,CRAWFORD,2985.0,112.662,0.609,4.88,15.71,2.824,2,0.755,4
500,A1 LM,CRAWFORD,2985.5,131.484,0.634,5.11,15.6,2.935,2,0.745,4
501,A1 LM,CRAWFORD,2986.0,138.16899999999998,0.659,5.33,15.1,3.0,2,0.736,4
502,A1 LM,CRAWFORD,2986.5,135.045,0.682,5.1,14.46,3.048,2,0.726,4
503,A1 LM,CRAWFORD,2987.0,117.726,0.7070000000000001,4.415,13.315,3.097,2,0.7170000000000001,4
504,A1 LM,CRAWFORD,2987.5,98.382,0.7290000000000001,3.395,11.695,3.193,2,0.708,4
505,A1 LM,CRAWFORD,2988.0,91.348,0.7709999999999999,3.235,10.985,3.3080000000000003,2,0.698,4
506,A1 LM,CRAWFORD,2988.5,87.05,0.831,3.21,10.64,3.4930000000000003,2,0.6890000000000001,4
507,A1 LM,CRAWFORD,2989.0,82.98,0.9279999999999999,2.835,10.115,3.5260000000000002,2,0.679,4
508,A1 LM,CRAWFORD,2989.5,67.264,1.0190000000000001,0.475,8.435,3.217,2,0.67,6
509,A1 LM,CRAWFORD,2990.0,57.068999999999996,1.047,-2.385,7.115,3.157,2,0.66,6
510,A1 LM,CRAWFORD,2990.5,46.873999999999995,1.0659999999999998,-3.97,6.6,3.159,2,0.6509999999999999,6
511,A1 LM,CRAWFORD,2991.0,39.325,1.06,-3.69,7.15,3.2239999999999998,2,0.642,6
512,A1 LM,CRAWFORD,2991.5,43.946000000000005,1.042,-2.73,7.29,3.272,2,0.632,6
513,A1 LM,CRAWFORD,2992.0,51.73,1.005,-0.9,7.98,3.29,2,0.623,6
514,A1 LM,CRAWFORD,2992.5,58.373999999999995,0.956,1.46,9.41,3.2769999999999997,2,0.613,6
515,A1 LM,CRAWFORD,2993.0,67.75399999999999,0.904,3.985,11.545,3.2960000000000003,2,0.604,6
516,A1 LM,CRAWFORD,2993.5,71.206,0.8740000000000001,5.045,12.915,3.3280000000000003,2,0.594,4
517,A1 LM,CRAWFORD,2994.0,69.188,0.852,4.86,12.85,3.33,2,0.585,4
518,A1 LM,CRAWFORD,2994.5,58.452,0.841,3.455,11.265,3.332,2,0.575,4
519,A1 LM,CRAWFORD,2995.0,38.715,0.816,2.185,9.855,3.365,2,0.5660000000000001,8
520,A1 LM,CRAWFORD,2995.5,30.541,0.8009999999999999,0.96,8.76,3.4760000000000004,2,0.557,8
521,A1 LM,CRAWFORD,2996.0,21.684,0.792,-0.04,8.28,3.7739999999999996,2,0.547,8
522,A1 LM,CRAWFORD,2996.5,21.252,0.7929999999999999,-0.505,9.225,4.041,2,0.5379999999999999,8
523,A1 LM,CRAWFORD,2997.0,23.116999999999997,0.7929999999999999,-0.555,9.895,4.292,2,0.528,8
524,A1 LM,CRAWFORD,2997.5,28.85,0.7909999999999999,-0.46,9.89,4.371,2,0.519,8
525,A1 LM,CRAWFORD,2998.0,36.226,0.7879999999999999,-0.085,9.175,4.112,2,0.509,8
526,A1 LM,CRAWFORD,2998.5,42.83,0.8009999999999999,0.41,8.49,3.91,2,0.5,6
527,A1 LM,CRAWFORD,2999.0,46.846000000000004,0.82,1.255,8.275,3.793,2,0.491,6
528,A1 LM,CRAWFORD,2999.5,48.133,0.845,1.77,8.29,3.486,2,0.48100000000000004,6
529,A1 LM,CRAWFORD,3000.0,43.162,0.8740000000000001,1.35,8.64,3.263,2,0.47200000000000003,6
530,A1 LM,CRAWFORD,3000.5,36.586,0.92,1.01,8.74,3.187,2,0.462,6
531,A1 LM,CRAWFORD,3001.0,32.746,0.955,0.625,8.535,3.173,2,0.45299999999999996,6
532,A1 LM,CRAWFORD,3001.5,30.956999999999997,0.9740000000000001,0.565,8.555,3.315,2,0.44299999999999995,8
533,A1 LM,CRAWFORD,3002.0,30.765,0.981,0.545,8.575,3.4410000000000003,2,0.434,8
534,A1 LM,CRAWFORD,3002.5,31.265,0.987,0.625,8.425,3.6180000000000003,2,0.425,8
535,A1 LM,CRAWFORD,3003.0,33.124,0.9940000000000001,0.755,8.045,3.943,2,0.415,6
536,A1 LM,CRAWFORD,3003.5,35.211,0.997,0.635,7.555,4.07,2,0.406,6
537,A1 LM,CRAWFORD,3004.0,36.385999999999996,0.988,0.125,7.135,3.885,2,0.396,6
538,A1 LM,CRAWFORD,3004.5,38.016999999999996,0.951,-0.175,6.875,3.654,2,0.387,6
539,A1 LM,CRAWFORD,3005.0,41.016000000000005,0.903,0.055,6.825,3.438,2,0.377,6
540,A1 LM,CRAWFORD,3005.5,49.653999999999996,0.8540000000000001,1.52,7.51,3.33,2,0.368,6
541,A1 LM,CRAWFORD,3006.0,62.068000000000005,0.799,3.1,9.13,3.2089999999999996,2,0.358,4
542,A1 LM,CRAWFORD,3006.5,71.222,0.74,4.0,10.98,3.0869999999999997,2,0.349,4
543,A1 LM,CRAWFORD,3007.0,73.309,0.691,4.015,12.425,2.98,2,0.34,4
544,A1 LM,CRAWFORD,3007.5,69.469,0.627,3.19,13.37,2.904,2,0.33,4
545,A1 LM,CRAWFORD,3008.0,65.857,0.5589999999999999,2.1,14.08,2.859,2,0.321,4
546,A1 LM,CRAWFORD,3008.5,58.369,0.504,0.715,14.235,2.83,2,0.311,4
547,A1 LM,CRAWFORD,3009.0,56.125,0.435,-0.775,13.415,2.786,2,0.302,4
548,A1 LM,CRAWFORD,3009.5,56.769,0.37799999999999995,-1.155,12.805,2.7260000000000004,2,0.292,4
549,A1 LM,CRAWFORD,3010.0,62.586999999999996,0.298,-0.18,12.87,2.588,2,0.28300000000000003,4
550,A1 LM,CRAWFORD,3010.5,64.67399999999999,0.252,0.24,14.42,2.465,2,0.27399999999999997,4
551,A1 LM,CRAWFORD,3011.0,64.253,0.212,0.24,16.36,2.374,2,0.264,7
552,A1 LM,CRAWFORD,3011.5,61.553000000000004,0.166,-0.295,18.395,2.329,2,0.255,7
553,A1 LM,CRAWFORD,3012.0,60.221000000000004,0.114,-0.59,19.27,2.315,2,0.245,7
554,A1 LM,CRAWFORD,3012.5,59.11600000000001,0.09300000000000001,-0.655,19.655,2.302,2,0.23600000000000002,7
555,A1 LM,CRAWFORD,3013.0,57.997,0.081,-0.8,19.69,2.258,2,0.226,7
556,A1 LM,CRAWFORD,3013.5,57.363,0.091,-1.105,19.095,2.2430000000000003,2,0.217,7
557,A1 LM,CRAWFORD,3014.0,57.863,0.14400000000000002,-1.27,18.12,2.261,2,0.20800000000000002,7
558,A1 LM,CRAWFORD,3014.5,59.038000000000004,0.20600000000000002,-1.26,17.03,2.326,2,0.198,7
559,A1 LM,CRAWFORD,3015.0,60.213,0.29,-1.04,16.68,2.4090000000000003,2,0.18899999999999997,7
560,A1 LM,CRAWFORD,3015.5,61.16,0.368,-0.14,16.68,2.781,2,0.179,8
561,A1 LM,CRAWFORD,3016.0,58.46,0.46799999999999997,-0.25,15.21,3.327,2,0.17,8
562,A1 LM,CRAWFORD,3016.5,53.48,0.564,0.36,11.47,3.7960000000000003,2,0.16,8
563,A1 LM,CRAWFORD,3017.0,51.692,0.657,0.825,8.125,4.062,2,0.151,8
564,A1 LM,CRAWFORD,3017.5,67.238,0.807,1.7,7.13,4.173,2,0.142,8
565,A1 LM,CRAWFORD,3018.0,74.796,0.89,2.905,7.335,4.19,2,0.132,4
566,A1 LM,CRAWFORD,3018.5,75.743,0.925,3.055,7.765,4.302,2,0.12300000000000001,4
567,A1 LM,CRAWFORD,3019.0,70.991,0.9279999999999999,2.325,7.785,4.444,2,0.113,4
568,A1 LM,CRAWFORD,3019.5,57.348,0.929,1.355,7.395,4.492,2,0.10400000000000001,6
569,A1 LM,CRAWFORD,3020.0,46.213,0.929,0.67,7.43,4.385,2,0.094,6
570,A1 LM,CRAWFORD,3020.5,42.11600000000001,0.9259999999999999,0.19,7.17,4.2010000000000005,2,0.085,6
571,A1 LM,CRAWFORD,3021.0,44.925,0.9179999999999999,-0.19,6.69,4.093,2,0.075,6
572,A1 LM,CRAWFORD,3021.5,55.903,0.912,0.07,5.72,4.034,2,0.066,8
573,A1 LM,CRAWFORD,3022.0,66.196,0.9059999999999999,0.495,5.375,3.958,2,0.057,8
574,A1 LM,CRAWFORD,3022.5,73.52600000000001,0.894,1.44,5.26,3.82,2,0.047,8
575,B1 SH,CRAWFORD,3032.0,72.392,0.7090000000000001,-0.74,18.41,2.6289999999999996,1,0.125,8
576,B1 SH,CRAWFORD,3032.5,69.928,0.792,-0.69,19.32,2.616,1,0.063,8
577,B1 LM,CRAWFORD,3033.0,64.72,0.8490000000000001,-0.96,16.33,2.9139999999999997,2,1.0,8
578,B1 LM,CRAWFORD,3033.5,52.445,0.892,0.91,11.35,3.292,2,0.977,8
579,B1 LM,CRAWFORD,3034.0,43.361999999999995,0.93,-0.02,6.92,3.571,2,0.955,8
580,B1 LM,CRAWFORD,3034.5,42.06399999999999,0.9740000000000001,0.015,5.495,3.435,2,0.909,6
581,B1 LM,CRAWFORD,3035.0,45.641999999999996,0.956,0.005,5.475,3.375,2,0.8859999999999999,6
582,B1 LM,CRAWFORD,3035.5,53.266000000000005,0.932,-0.105,5.545,3.299,2,0.8640000000000001,6
583,B1 LM,CRAWFORD,3036.0,59.043,0.894,0.17,6.99,3.114,2,0.841,6
584,B1 LM,CRAWFORD,3036.5,62.331,0.8340000000000001,-0.245,9.835,2.813,2,0.818,6
585,B1 LM,CRAWFORD,3037.0,60.946000000000005,0.884,-1.69,16.08,2.745,2,0.795,8
586,B1 LM,CRAWFORD,3037.5,53.913999999999994,0.9179999999999999,-0.72,19.54,3.1519999999999997,2,0.773,8
587,B1 LM,CRAWFORD,3038.0,45.287,0.922,-0.86,18.44,3.9619999999999997,2,0.75,8
588,B1 LM,CRAWFORD,3038.5,30.049,0.925,0.445,13.565,4.571000000000001,2,0.727,8
589,B1 LM,CRAWFORD,3039.0,23.017,0.9470000000000001,0.54,9.59,4.806,2,0.705,8
590,B1 LM,CRAWFORD,3039.5,21.228,0.973,-0.03,7.57,4.824,2,0.682,8
591,B1 LM,CRAWFORD,3040.0,20.109,0.985,0.225,6.725,4.81,2,0.659,8
592,B1 LM,CRAWFORD,3040.5,19.256,0.995,0.415,6.505,4.859,2,0.636,8
593,B1 LM,CRAWFORD,3041.0,18.38,0.9990000000000001,0.44,6.29,4.8919999999999995,2,0.614,8
594,B1 LM,CRAWFORD,3041.5,17.275,0.987,0.185,6.075,4.91,2,0.591,8
595,B1 LM,CRAWFORD,3042.0,16.39,0.975,0.015,5.815,4.88,2,0.568,8
596,B1 LM,CRAWFORD,3042.5,16.197,0.963,-0.205,5.445,4.834,2,0.545,8
597,B1 LM,CRAWFORD,3043.0,16.469,0.9570000000000001,-0.225,5.335,4.76,2,0.523,8
598,B1 LM,CRAWFORD,3043.5,20.38,0.973,-0.295,5.255,4.669,2,0.5,8
599,B1 LM,CRAWFORD,3044.0,31.86,1.005,-0.185,5.045,4.547,2,0.47700000000000004,8
600,B1 LM,CRAWFORD,3044.5,39.608000000000004,1.0390000000000001,0.44,5.16,4.5169999999999995,2,0.455,6
601,B1 LM,CRAWFORD,3045.0,43.291000000000004,1.064,0.96,5.09,4.488,2,0.43200000000000005,6
602,B1 LM,CRAWFORD,3045.5,44.001000000000005,1.089,1.295,4.875,4.396,2,0.409,6
603,B1 LM,CRAWFORD,3046.0,38.574,1.112,0.7,4.09,4.275,2,0.386,6
604,B1 LM,CRAWFORD,3046.5,35.19,1.128,0.195,3.575,4.245,2,0.364,6
605,B1 LM,CRAWFORD,3047.0,32.946,1.131,-0.215,3.205,4.434,2,0.341,6
606,B1 LM,CRAWFORD,3047.5,31.613000000000003,1.128,-0.095,3.545,4.405,2,0.318,6
607,B1 LM,CRAWFORD,3048.0,32.113,1.092,-0.005,4.715,4.329,2,0.295,6
608,B1 LM,CRAWFORD,3048.5,32.368,1.052,0.29,5.42,4.285,2,0.273,6
609,B1 LM,CRAWFORD,3049.0,31.506999999999998,0.978,0.405,5.865,4.224,2,0.25,6
610,B1 LM,CRAWFORD,3049.5,30.849,0.88,0.445,6.595,4.04,2,0.22699999999999998,6
611,B1 LM,CRAWFORD,3050.0,29.953000000000003,0.772,0.91,7.82,3.451,2,0.205,6
612,B1 LM,CRAWFORD,3050.5,28.875999999999998,0.723,1.24,9.64,3.141,2,0.182,6
613,B1 LM,CRAWFORD,3051.0,28.228,0.705,1.21,10.47,3.2060000000000004,2,0.159,8
614,B1 LM,CRAWFORD,3051.5,28.263,0.693,1.005,10.355,3.38,2,0.136,8
615,B1 LM,CRAWFORD,3052.0,28.754,0.693,0.47,9.35,3.6460000000000004,2,0.114,8
616,B1 LM,CRAWFORD,3052.5,34.26,0.6940000000000001,0.34,7.94,3.9739999999999998,2,0.091,8
617,B1 LM,CRAWFORD,3053.0,45.01,0.6940000000000001,0.485,6.185,4.2410000000000005,2,0.068,8
618,B1 LM,CRAWFORD,3053.5,55.98,0.7070000000000001,0.665,5.945,4.093,2,0.045,8
619,B1 LM,CRAWFORD,3054.0,67.146,0.7170000000000001,0.965,6.695,3.67,2,0.023,6
620,B2 SH,CRAWFORD,3054.5,80.0,0.708,1.965,8.815,3.361,1,1.0,2
621,B2 SH,CRAWFORD,3055.0,85.05,0.69,3.215,10.515,3.16,1,0.95,2
622,B2 SH,CRAWFORD,3055.5,83.946,0.659,3.965,11.115,3.178,1,0.9,2
623,B2 SH,CRAWFORD,3056.0,80.973,0.623,4.61,10.99,3.2110000000000003,1,0.85,2
624,B2 SH,CRAWFORD,3056.5,78.782,0.5920000000000001,4.845,10.905,3.213,1,0.8,2
625,B2 SH,CRAWFORD,3057.0,76.082,0.574,4.82,10.73,3.2310000000000003,1,0.75,2
626,B2 SH,CRAWFORD,3057.5,72.925,0.562,4.535,10.405,3.217,1,0.7,2
627,B2 SH,CRAWFORD,3058.0,72.04899999999999,0.55,4.24,10.55,3.187,1,0.65,2
628,B2 SH,CRAWFORD,3058.5,71.391,0.535,4.115,11.005,3.128,1,0.6,2
629,B2 SH,CRAWFORD,3059.0,70.751,0.527,4.055,11.765,3.036,1,0.55,2
630,B2 SH,CRAWFORD,3059.5,71.26100000000001,0.5329999999999999,4.235,12.565,3.0069999999999997,1,0.5,2
631,B2 SH,CRAWFORD,3060.0,73.11,0.518,4.44,12.8,2.978,1,0.45,2
632,B2 SH,CRAWFORD,3060.5,75.425,0.491,3.815,12.085,2.903,1,0.4,2
633,B2 SH,CRAWFORD,3061.0,76.828,0.47,3.265,11.525,2.687,1,0.35,2
634,B2 SH,CRAWFORD,3061.5,75.04,0.45799999999999996,3.16,11.69,2.58,1,0.3,2
635,B2 SH,CRAWFORD,3062.0,70.288,0.449,3.695,12.535,2.5340000000000003,1,0.25,2
636,B2 LM,CRAWFORD,3062.5,66.266,0.44299999999999995,4.505,13.995,2.553,1,0.2,2
637,B2 LM,CRAWFORD,3063.0,60.79,0.441,6.07,16.34,2.679,1,0.15,2
638,B2 LM,CRAWFORD,3063.5,54.67,0.444,6.25,16.74,3.35,1,0.1,2
639,B2 LM,CRAWFORD,3064.0,48.093999999999994,0.445,5.995,16.615,3.865,1,0.05,3
640,B2 LM,CRAWFORD,3064.5,41.062,0.445,3.425,13.955,4.24,2,1.0,8
641,B2 LM,CRAWFORD,3065.0,39.046,0.455,1.725,12.915,4.507,2,0.9640000000000001,8
642,B2 LM,CRAWFORD,3065.5,38.169000000000004,0.45799999999999996,1.1,12.79,4.354,2,0.929,8
643,B2 LM,CRAWFORD,3066.0,40.493,0.465,0.895,13.365,4.293,2,0.893,8
644,B2 LM,CRAWFORD,3066.5,43.948,0.45899999999999996,0.68,13.98,4.248,2,0.857,8
645,B2 LM,CRAWFORD,3067.0,46.49100000000001,0.423,0.57,14.45,4.266,2,0.821,8
646,B2 LM,CRAWFORD,3067.5,47.21,0.392,0.565,14.945,4.331,2,0.7859999999999999,8
647,B2 LM,CRAWFORD,3068.0,46.788999999999994,0.34600000000000003,0.765,15.325,4.395,2,0.75,8
648,B2 LM,CRAWFORD,3068.5,45.912,0.325,0.985,15.625,4.397,2,0.7140000000000001,8
649,B2 LM,CRAWFORD,3069.0,45.70399999999999,0.304,1.205,15.925,4.383,2,0.679,8
650,B2 LM,CRAWFORD,3069.5,45.527,0.295,1.27,15.89,4.276,2,0.643,8
651,B2 LM,CRAWFORD,3070.0,44.887,0.289,1.155,15.315,4.123,2,0.607,8
652,B2 LM,CRAWFORD,3070.5,44.23,0.29,0.815,14.205,3.95,2,0.5710000000000001,8
653,B2 LM,CRAWFORD,3071.0,44.273999999999994,0.281,0.55,12.84,3.785,2,0.536,8
654,B2 LM,CRAWFORD,3071.5,45.221000000000004,0.247,0.545,11.605,3.647,2,0.5,8
655,B2 LM,CRAWFORD,3072.0,46.396,0.16699999999999998,1.685,11.385,3.431,2,0.46399999999999997,8
656,B2 LM,CRAWFORD,3072.5,46.888000000000005,0.11800000000000001,2.92,12.76,3.2,2,0.429,7
657,B2 LM,CRAWFORD,3073.0,46.475,0.069,4.4,16.76,2.968,2,0.39299999999999996,7
658,B2 LM,CRAWFORD,3073.5,46.738,0.042,5.065,20.085,2.815,2,0.35700000000000004,7
659,B2 LM,CRAWFORD,3074.0,47.913999999999994,0.033,4.815,20.915,2.8480000000000003,2,0.321,7
660,B2 LM,CRAWFORD,3074.5,51.596000000000004,0.04,4.485,20.755,2.99,2,0.28600000000000003,7
661,B2 LM,CRAWFORD,3075.0,62.89,0.102,4.42,17.02,3.4739999999999998,2,0.25,7
662,B2 LM,CRAWFORD,3075.5,80.38,0.22,3.955,12.965,4.067,2,0.214,7
663,B2 LM,CRAWFORD,3076.0,105.725,0.34700000000000003,2.42,7.33,4.271,2,0.179,7
664,B2 LM,CRAWFORD,3076.5,131.069,0.524,1.655,5.355,3.838,2,0.14300000000000002,8
665,B2 LM,CRAWFORD,3077.0,145.018,0.636,-0.905,7.135,3.2030000000000003,2,0.107,6
666,B2 LM,CRAWFORD,3077.5,131.376,0.726,-1.94,12.26,2.8160000000000003,2,0.071,6
667,B3 SH,CRAWFORD,3078.0,110.21,0.792,0.27,14.14,2.678,2,0.036000000000000004,4
668,B3 SH,CRAWFORD,3078.5,89.045,0.826,3.14,13.7,2.773,1,1.0,2
669,B3 SH,CRAWFORD,3079.0,73.807,0.8079999999999999,4.795,11.855,3.3710000000000004,1,0.9440000000000001,2
670,B3 SH,CRAWFORD,3079.5,73.158,0.7809999999999999,4.755,10.905,3.4930000000000003,1,0.889,2
671,B3 SH,CRAWFORD,3080.0,73.195,0.763,3.975,10.205,3.432,1,0.833,2
672,B3 SH,CRAWFORD,3080.5,72.325,0.748,3.68,10.0,3.387,1,0.778,2
673,B3 SH,CRAWFORD,3081.0,71.221,0.742,3.33,9.69,3.3739999999999997,1,0.722,2
674,B3 SH,CRAWFORD,3081.5,70.563,0.742,2.76,9.25,3.3289999999999997,1,0.667,2
675,B3 SH,CRAWFORD,3082.0,71.51899999999999,0.733,1.75,10.04,3.145,1,0.611,2
676,B3 SH,CRAWFORD,3082.5,74.062,0.722,2.32,12.64,2.945,1,0.556,2
677,B3 SH,CRAWFORD,3083.0,77.061,0.71,2.765,15.055,2.7760000000000002,1,0.5,2
678,B3 SH,CRAWFORD,3083.5,78.693,0.695,3.04,15.66,2.793,1,0.444,2
679,B3 SH,CRAWFORD,3084.0,79.192,0.6829999999999999,2.505,14.075,2.951,1,0.389,2
680,B3 SH,CRAWFORD,3084.5,79.192,0.6829999999999999,2.505,14.075,2.951,1,0.389,2
681,B3 SH,CRAWFORD,3085.0,78.999,0.662,2.395,12.335,2.984,1,0.33299999999999996,2
682,B3 SH,CRAWFORD,3085.5,78.11399999999999,0.64,2.395,11.095,2.909,1,0.278,2
683,B3 SH,CRAWFORD,3086.0,77.24600000000001,0.625,2.705,12.075,2.708,1,0.222,2
684,B3 SH,CRAWFORD,3086.5,76.369,0.62,2.305,15.615,2.6010000000000004,1,0.16699999999999998,2
685,B3 SH,CRAWFORD,3087.0,72.301,0.633,0.98,21.27,2.759,1,0.111,3
686,B3 SH,CRAWFORD,3087.5,61.107,0.667,-1.74,21.21,3.8489999999999998,1,0.055999999999999994,3
687,B3 LM,CRAWFORD,3088.0,41.148999999999994,0.68,-2.295,18.875,4.854,2,1.0,8
688,B3 LM,CRAWFORD,3088.5,28.419,0.6859999999999999,-0.92,14.54,5.0360000000000005,2,0.938,8
689,B3 LM,CRAWFORD,3089.0,22.526999999999997,0.687,0.36,10.24,5.044,2,0.875,8
690,B3 LM,CRAWFORD,3089.5,18.459,0.684,2.27,8.16,4.931,2,0.813,8
691,B3 LM,CRAWFORD,3090.0,17.345,0.679,2.67,8.23,4.547,2,0.75,8
692,B3 LM,CRAWFORD,3090.5,17.617,0.6759999999999999,2.855,8.725,4.328,2,0.688,8
693,B3 LM,CRAWFORD,3091.0,19.292,0.664,2.695,9.465,4.2989999999999995,2,0.625,8
694,B3 LM,CRAWFORD,3091.5,21.572,0.655,2.535,9.705,4.301,2,0.563,8
695,B3 LM,CRAWFORD,3092.0,22.975,0.653,1.95,9.21,4.319,2,0.5,8
696,B3 LM,CRAWFORD,3092.5,23.921999999999997,0.65,1.34,8.59,4.305,2,0.43799999999999994,8
697,B3 LM,CRAWFORD,3093.0,24.869,0.657,0.63,7.42,4.291,2,0.375,8
698,B3 LM,CRAWFORD,3093.5,27.64,0.669,0.42,6.02,4.216,2,0.313,8
699,B3 LM,CRAWFORD,3094.0,34.058,0.67,0.44,4.4,4.109,2,0.25,6
700,B3 LM,CRAWFORD,3094.5,41.489,0.652,1.11,4.03,3.815,2,0.188,6
701,B3 LM,CRAWFORD,3095.0,51.235,0.631,1.73,5.19,3.444,2,0.125,6
702,B4 SH,CRAWFORD,3095.5,55.601000000000006,0.61,2.42,7.82,3.1460000000000004,2,0.063,4
703,B4 SH,CRAWFORD,3096.0,59.512,0.601,3.715,10.375,2.935,1,1.0,2
704,B4 SH,CRAWFORD,3096.5,62.055,0.598,4.13,12.01,2.844,1,0.95,2
705,B4 SH,CRAWFORD,3097.0,64.37,0.5920000000000001,3.83,12.15,2.7680000000000002,1,0.9,2
706,B4 SH,CRAWFORD,3097.5,65.773,0.5870000000000001,3.32,11.31,2.708,1,0.85,2
707,B4 SH,CRAWFORD,3098.0,66.036,0.593,2.635,9.895,2.6630000000000003,1,0.8,2
708,B4 SH,CRAWFORD,3098.5,64.712,0.597,2.65,9.32,2.616,1,0.75,2
709,B4 SH,CRAWFORD,3099.0,64.039,0.6,2.545,8.775,2.603,1,0.7,2
710,B4 SH,CRAWFORD,3099.5,64.332,0.61,2.57,8.69,2.589,1,0.65,2
711,B4 SH,CRAWFORD,3100.0,68.247,0.601,2.545,9.105,2.531,1,0.6,2
712,B4 SH,CRAWFORD,3100.5,75.809,0.583,2.99,10.63,2.4859999999999998,1,0.55,2
713,B4 SH,CRAWFORD,3101.0,84.73899999999999,0.5589999999999999,3.69,12.42,2.488,1,0.5,2
714,B4 SH,CRAWFORD,3101.5,95.76799999999999,0.541,4.595,14.775,2.52,1,0.45,2
715,B4 SH,CRAWFORD,3102.0,94.175,0.529,4.575,15.465,2.6,1,0.4,2
716,B4 SH,CRAWFORD,3102.5,89.427,0.529,4.575,15.555,2.7880000000000003,1,0.35,2
717,B4 SH,CRAWFORD,3103.0,84.90799999999999,0.527,4.35,14.27,3.148,1,0.3,2
718,B4 SH,CRAWFORD,3103.5,81.3,0.53,3.17,11.82,3.103,1,0.25,2
719,B4 SH,CRAWFORD,3104.0,82.251,0.534,1.84,10.85,2.6910000000000003,1,0.2,2
720,B4 SH,CRAWFORD,3104.5,83.20299999999999,0.568,0.12,16.21,2.235,1,0.15,3
721,B4 SH,CRAWFORD,3105.0,82.88799999999999,0.647,-0.305,24.225,2.113,1,0.1,3
722,B4 LM,CRAWFORD,3105.5,70.52600000000001,0.731,-3.475,31.335,2.301,1,0.05,3
723,B4 LM,CRAWFORD,3106.0,59.858000000000004,0.7929999999999999,-2.585,25.825,3.3289999999999997,2,1.0,5
724,B4 LM,CRAWFORD,3106.5,43.933,0.815,-2.425,18.585,4.2330000000000005,2,0.9440000000000001,8
725,B4 LM,CRAWFORD,3107.0,30.523000000000003,0.828,-0.505,13.435,4.53,2,0.889,8
726,B4 LM,CRAWFORD,3107.5,21.444000000000003,0.867,-0.83,7.75,4.734,2,0.833,8
727,B4 LM,CRAWFORD,3108.0,18.52,0.948,0.5,5.3,4.86,2,0.778,8
728,B4 LM,CRAWFORD,3108.5,20.668000000000003,1.034,0.725,4.655,4.986000000000001,2,0.722,8
729,B4 LM,CRAWFORD,3109.0,23.396,1.077,0.945,4.055,4.9719999999999995,2,0.667,8
730,B4 LM,CRAWFORD,3109.5,25.715999999999998,1.112,1.0,3.38,4.974,2,0.611,8
731,B4 LM,CRAWFORD,3110.0,28.035,1.131,1.335,2.125,4.9910000000000005,2,0.556,8
732,B4 LM,CRAWFORD,3110.5,31.494,1.128,1.565,1.855,5.024,2,0.5,6
733,B4 LM,CRAWFORD,3111.0,42.743,1.145,0.74,2.92,4.996,2,0.389,6
734,B4 LM,CRAWFORD,3111.5,47.021,1.158,0.415,2.815,4.874,2,0.33299999999999996,6
735,B4 LM,CRAWFORD,3112.0,49.443000000000005,1.158,0.265,2.475,4.72,2,0.278,6
736,B4 LM,CRAWFORD,3112.5,48.343,1.072,0.175,2.025,4.435,2,0.222,6
737,B4 LM,CRAWFORD,3113.0,47.243,0.993,0.305,2.325,4.07,2,0.16699999999999998,6
738,B4 LM,CRAWFORD,3113.5,47.738,0.9359999999999999,0.625,3.575,3.745,2,0.111,6
739,B5 SH,CRAWFORD,3114.0,55.757,0.9,2.86,7.09,3.514,2,0.055999999999999994,6
740,B5 SH,CRAWFORD,3114.5,67.815,0.8759999999999999,4.345,9.295,3.406,1,1.0,2
741,B5 SH,CRAWFORD,3115.0,68.904,0.852,4.72,9.57,3.455,1,0.938,2
742,B5 SH,CRAWFORD,3115.5,64.085,0.8340000000000001,3.905,7.665,3.565,1,0.875,2
743,B5 SH,CRAWFORD,3116.0,53.913000000000004,0.828,3.37,5.72,3.645,1,0.813,2
744,B5 SH,CRAWFORD,3116.5,50.715,0.841,2.665,4.465,3.615,1,0.75,2
745,B5 SH,CRAWFORD,3117.0,51.22,0.8540000000000001,2.43,3.86,3.714,1,0.688,2
746,B5 SH,CRAWFORD,3119.0,65.99,0.794,3.075,6.985,3.5,1,0.43799999999999994,2
747,B5 SH,CRAWFORD,3119.5,74.325,0.764,1.485,11.995,3.159,1,0.375,2
748,B5 SH,CRAWFORD,3120.0,77.227,0.718,1.095,15.315,2.865,1,0.313,2
749,B5 SH,CRAWFORD,3120.5,78.863,0.687,1.285,17.905,2.696,1,0.25,2
750,B5 SH,CRAWFORD,3121.0,79.13,0.669,2.755,19.325,2.6510000000000002,1,0.188,3
751,B5 SH,CRAWFORD,3121.5,76.89,0.657,4.55,19.53,2.6710000000000003,1,0.125,3
752,B5 LM,CRAWFORD,3122.0,69.179,0.6920000000000001,6.11,19.22,3.114,1,0.063,3
753,B5 LM,CRAWFORD,3122.5,59.998999999999995,0.732,4.62,16.19,4.1339999999999995,2,1.0,8
754,B5 LM,CRAWFORD,3123.0,41.912,0.7609999999999999,1.64,10.98,4.726,2,0.983,8
755,B5 LM,CRAWFORD,3123.5,26.221999999999998,0.805,0.755,7.955,4.899,2,0.966,8
756,B5 LM,CRAWFORD,3124.0,22.615,0.845,1.58,6.02,4.854,2,0.948,8
757,B5 LM,CRAWFORD,3124.5,20.83,0.8490000000000001,1.97,4.39,4.7780000000000005,2,0.9309999999999999,8
758,B5 LM,CRAWFORD,3125.0,21.326,0.836,2.77,4.39,4.655,2,0.914,8
759,B5 LM,CRAWFORD,3125.5,23.645,0.725,3.665,5.185,4.408,2,0.897,8
760,B5 LM,CRAWFORD,3126.0,29.02,0.5870000000000001,4.805,7.455,3.97,2,0.879,8
761,B5 LM,CRAWFORD,3126.5,35.588,0.461,5.255,11.615,3.6060000000000003,2,0.862,7
762,B5 LM,CRAWFORD,3127.0,39.503,0.325,5.335,18.395,3.3089999999999997,2,0.845,7
763,B5 LM,CRAWFORD,3127.5,41.138999999999996,0.239,4.545,21.765,3.342,2,0.828,7
764,B5 LM,CRAWFORD,3128.0,41.861999999999995,0.184,2.77,21.54,3.4219999999999997,2,0.81,7
765,B5 LM,CRAWFORD,3128.5,42.586000000000006,0.16899999999999998,-0.02,19.0,3.485,2,0.7929999999999999,7
766,B5 LM,CRAWFORD,3129.0,44.221000000000004,0.139,2.425,18.905,3.378,2,0.7759999999999999,7
767,B5 LM,CRAWFORD,3129.5,47.395,0.121,3.7,20.04,3.2089999999999996,2,0.759,7
768,B5 LM,CRAWFORD,3130.0,54.79600000000001,0.10300000000000001,4.59,22.87,3.133,2,0.741,7
769,B5 LM,CRAWFORD,3130.5,58.255,0.091,5.19,25.77,3.1660000000000004,2,0.7240000000000001,7
770,B5 LM,CRAWFORD,3131.0,60.347,0.076,4.065,26.095,3.1180000000000003,2,0.7070000000000001,7
771,B5 LM,CRAWFORD,3131.5,61.754,0.048,3.235,25.165,3.06,2,0.69,7
772,B5 LM,CRAWFORD,3132.0,61.794,0.002,2.74,22.4,3.14,2,0.672,7
773,B5 LM,CRAWFORD,3132.5,61.833,-0.047,3.65,21.13,3.437,2,0.655,7
774,B5 LM,CRAWFORD,3133.0,62.358000000000004,-0.096,4.43,21.27,3.6719999999999997,2,0.638,7
775,B5 LM,CRAWFORD,3133.5,63.062,-0.147,4.895,22.325,3.782,2,0.621,7
776,B5 LM,CRAWFORD,3134.0,63.33,-0.20600000000000002,5.245,22.895,3.737,2,0.603,7
777,B5 LM,CRAWFORD,3134.5,62.685,-0.218,5.035,22.725,3.5839999999999996,2,0.586,7
778,B5 LM,CRAWFORD,3135.0,60.217,-0.23,4.57,21.84,3.444,2,0.569,7
779,B5 LM,CRAWFORD,3135.5,55.926,-0.217,5.185,20.385,3.352,2,0.552,7
780,B5 LM,CRAWFORD,3136.0,52.318000000000005,-0.185,5.795,18.665,3.4960000000000004,2,0.534,7
781,B5 LM,CRAWFORD,3136.5,47.244,-0.16,5.445,15.725,3.855,2,0.517,7
782,B5 LM,CRAWFORD,3137.0,45.786,-0.138,4.165,11.765,3.966,2,0.5,7
783,B5 LM,CRAWFORD,3137.5,46.975,-0.11599999999999999,5.55,10.25,3.765,2,0.483,7
784,B5 LM,CRAWFORD,3138.0,51.907,-0.10300000000000001,7.385,11.675,3.44,2,0.466,7
785,B5 LM,CRAWFORD,3138.5,58.336000000000006,-0.09300000000000001,6.61,13.74,3.162,2,0.44799999999999995,7
786,B5 LM,CRAWFORD,3139.0,64.995,-0.09,5.94,16.68,3.0239999999999996,2,0.431,7
787,B5 LM,CRAWFORD,3139.5,67.543,-0.08900000000000001,5.7,17.72,3.057,2,0.414,7
788,B5 LM,CRAWFORD,3140.0,68.041,-0.10400000000000001,5.755,18.395,3.1710000000000003,2,0.397,7
789,B5 LM,CRAWFORD,3140.5,66.186,-0.14400000000000002,5.995,19.265,3.2310000000000003,2,0.379,7
790,B5 LM,CRAWFORD,3141.0,62.184,-0.187,6.54,20.72,3.264,2,0.36200000000000004,7
791,B5 LM,CRAWFORD,3141.5,57.883,-0.239,6.0,21.62,3.2969999999999997,2,0.345,7
792,B5 LM,CRAWFORD,3142.0,54.038999999999994,-0.297,5.725,22.245,3.282,2,0.32799999999999996,7
793,B5 LM,CRAWFORD,3142.5,53.153999999999996,-0.371,5.745,23.065,3.222,2,0.31,7
794,B5 LM,CRAWFORD,3143.0,60.506,-0.43200000000000005,5.78,23.96,3.115,2,0.293,7
795,B5 LM,CRAWFORD,3143.5,68.99,-0.456,6.14,25.32,2.977,2,0.276,7
796,B5 LM,CRAWFORD,3144.0,88.891,-0.46799999999999997,7.025,27.595,2.9160000000000004,2,0.259,7
797,B5 LM,CRAWFORD,3144.5,114.955,-0.455,6.925,28.395,2.924,2,0.24100000000000002,7
798,B5 LM,CRAWFORD,3145.0,139.876,-0.405,6.245,28.025,3.215,2,0.22399999999999998,7
799,B5 LM,CRAWFORD,3145.5,157.72899999999998,-0.353,4.685,26.015,3.373,2,0.207,7
800,B5 LM,CRAWFORD,3146.0,167.803,-0.21899999999999997,4.27,23.37,3.81,2,0.19,7
801,B5 LM,CRAWFORD,3146.5,151.183,-0.057,0.925,17.125,4.1530000000000005,2,0.172,7
802,B5 LM,CRAWFORD,3147.0,123.264,0.067,0.285,14.215,4.404,2,0.155,8
803,B5 LM,CRAWFORD,3147.5,108.569,0.23399999999999999,0.705,12.225,4.499,2,0.138,8
804,B5 LM,CRAWFORD,3148.0,101.072,0.42700000000000005,1.15,10.76,4.3919999999999995,2,0.121,8
805,B5 LM,CRAWFORD,3148.5,91.74799999999999,0.625,1.135,9.605,4.254,2,0.10300000000000001,8
806,B5 LM,CRAWFORD,3149.0,83.794,0.7490000000000001,2.075,7.845,4.023,2,0.086,6
807,B5 LM,CRAWFORD,3149.5,83.794,0.7490000000000001,2.075,7.845,4.023,2,0.086,6
808,B5 LM,CRAWFORD,3150.0,79.722,0.7709999999999999,2.89,6.64,4.04,2,0.069,6
809,B5 LM,CRAWFORD,3150.5,76.334,0.8,2.96,6.29,3.997,2,0.052000000000000005,6
810,B5 LM,CRAWFORD,3151.0,73.631,0.8,2.68,6.69,3.8280000000000003,2,0.034,6
811,B5 LM,CRAWFORD,3151.5,76.865,0.772,2.42,8.6,3.535,2,0.017,6
812,C SH,CRAWFORD,3152.0,79.92399999999999,0.752,2.62,11.51,3.148,1,1.0,3
813,C SH,CRAWFORD,3152.5,82.199,0.728,3.725,14.555,2.964,1,0.972,3
814,C SH,CRAWFORD,3153.0,79.953,0.7,5.61,16.93,2.793,1,0.9440000000000001,3
815,C SH,CRAWFORD,3153.5,75.881,0.6729999999999999,6.3,17.57,2.969,1,0.917,3
816,C SH,CRAWFORD,3154.0,67.47,0.652,4.775,15.795,3.282,1,0.889,3
817,C SH,CRAWFORD,3154.5,58.832,0.64,4.315,13.575,3.642,1,0.861,2
818,C SH,CRAWFORD,3155.0,57.946000000000005,0.631,3.595,11.305,3.8930000000000002,1,0.833,2
819,C SH,CRAWFORD,3155.5,65.755,0.625,3.465,10.355,3.911,1,0.8059999999999999,2
820,C SH,CRAWFORD,3156.0,69.445,0.617,3.39,11.54,3.82,1,0.778,2
821,C SH,CRAWFORD,3156.5,73.389,0.608,3.625,12.775,3.62,1,0.75,2
822,C SH,CRAWFORD,3157.0,77.115,0.605,4.14,13.42,3.467,1,0.722,2
823,C SH,CRAWFORD,3157.5,79.84,0.596,4.875,13.825,3.36,1,0.6940000000000001,2
824,C SH,CRAWFORD,3158.0,82.616,0.5770000000000001,5.235,14.845,3.207,1,0.667,2
825,C SH,CRAWFORD,3158.5,86.07799999999999,0.5539999999999999,5.04,16.15,3.161,1,0.639,2
826,C SH,CRAWFORD,3159.0,88.855,0.539,5.56,16.75,3.1180000000000003,1,0.611,2
827,C SH,CRAWFORD,3159.5,90.49,0.53,6.36,16.78,3.168,1,0.583,2
828,C SH,CRAWFORD,3160.0,90.975,0.522,7.035,16.995,3.154,1,0.556,2
829,C SH,CRAWFORD,3160.5,90.10799999999999,0.513,7.505,17.595,3.125,1,0.528,2
